32  0.979128
44  4.475
44  10.518
37  21.632
37  36.065
45  55.0434
37  77.8433
37  104.741
37  135.94
37  171.71
37  206.654
37  247.346
37  291.743
37  340.416
37  392.734
37  449.283
45  509.476
37  573.772
45  641.76
37  713.796
45  789.475
37  869.193
45  952.494
45  1039.83
45  1130.7
45  1225.22
45  1323.61
44  1373.29
44  1347.76
44  1321.98
44  1297.38
44  1271.81
44  1247.95
44  1222.79
44  1199.7
44  1174.92
44  1147.81
44  1122.58
44  1098.07
44  1074.06
44  1050.57
36  1027.38
44  1004.92
45  982.551
45  960.652
37  939.288
37  918.445
37  898.328
37  878.877
37  855.206
37  832.979
37  810.969
37  789.343
37  768.079
37  747.076
37  726.187
37  705.753
37  685.568
37  665.876
45  646.374
37  626.943
45  608.052
37  589.467
37  571.12
45  553.115
37  535.354
45  518.046
45  501.006
37  484.098
45  467.627
37  451.634
45  435.743
44  420.183
44  404.078
37  389.748
45  375.936
61  399.708
45  382.78
45  369.5
37  354.776
45  340.541
44  326.472
44  312.086
45  299.025
37  284.446
45  288.478
61  292.426
45  277.978
45  266.429
45  253.625
44  241.552
44  229.495
44  217.031
45  206.421
37  193.846
45  196.335
61  198.595
45  186.881
44  177.668
44  167.152
45  157.497
37  146.303
45  137.032
45  138.253
5  139.398
45  129.465
37  121.38
45  112.665
45  104.927
45  97.8378
44  91.0033
45  86.2498
36  86.2677
13  84.6433
45  76.1403
37  70.1679
37  63.8626
45  58.3448
45  53.6075
37  49.2312
45  48.383
45  43.8053
61  42.7504
45  38.635
45  35.4008
45  32.9748
45  31.2972
45  29.8043
61  27.7118
53  25.5693
45  23.9273
45  22.5579
5  21.0714
5  19.8101
28  18.3759
28  17.7629
5  17.0449
5  17.0235
5  14.372
5  13.1913
21  11.9832
5  10.7679
5  9.67223
5  8.61974
5  7.76085
5  6.83373
5  5.96103
5  5.31076
5  4.71671
5  3.99407
5  3.49717
13  3.02986
5  2.43866
5  1.86414
45  1.80422
5  1.23872
5  1.03536
5  1.18303
5  0.755115
45  1.20938
5  1.16273
45  1.65299
45  1.88257
5  2.0051
45  2.9218
45  3.21518
47  3.11444
47  4.10199
47  3.73242
47  4.06486
47  5.02584
47  5.24063
47  6.65576
47  8.26698
47  7.80636
47  4.91294
47  3.6862
47  2.97431
47  2.78257
47  3.11641
47  3.98141
33  4.84127
33  5.62475
45  6.80192
45  8.17196
5  6.71153
33  6.32294
33  6.26189
33  5.79837
33  5.91989
41  5.95036
41  6.1991
33  5.8499
33  6.2596
33  6.71154
33  3.68085
33  2.47872
41  1.85542
1  1.26842
1  0.991534
41  1.8199
45  2.3051
5  2.34074
13  3.11083
13  4.16747
13  5.68582
5  7.69228
13  5.67925
13  5.08215
5  4.14047
13  3.36163
13  2.78721
5  2.3663
45  2.09908
13  1.82423
13  1.66445
5  1.67336
45  1.91656
15  1.94464
47  1.80227
47  2.3629
47  2.68134
47  2.56679
47  4.24313
47  4.2362
43  4.42329
43  5.17651
43  6.82418
43  4.14621
43  3.30618
47  3.86875
43  3.47734
43  3.67544
41  3.32132
41  3.63249
41  5.06773
43  5.6154
41  3.21974
41  2.09508
41  1.62667
41  1.35167
41  1.00059
41  1.30091
40  1.86912
40  2.42891
40  3.4528
12  3.58225
12  4.12311
12  2.59152
12  3.09209
12  3.56634
12  4.43757
12  6.32525
13  7.60825
13  7.32633
5  5.05737
5  4.00655
13  2.9501
13  2.53896
13  1.64857
5  1.11068
13  0.933255
45  0.822833
5  1.05837
5  1.08284
45  1.71403
41  2.28578
41  2.46383
41  2.65245
41  3.56697
43  4.06675
43  5.28303
43  6.64877
43  8.76424
43  5.30769
43  3.66741
41  3.90386
43  2.60936
43  1.93767
41  2.97748
41  3.08465
9  3.12726
40  2.98149
40  3.21295
40  5.01347
40  5.24883
12  5.44153
12  5.84496
12  7.98929
12  8.72924
12  6.7375
12  6.51504
12  6.69687
12  7.18776
12  8.32975
13  8.53126
13  6.43902
13  5.22139
13  4.16773
13  3.49694
13  3.06434
45  3.04546
13  3.0803
47  3.41255
15  3.62323
47  3.78316
47  4.24981
43  5.59393
43  6.44851
43  6.01808
43  7.16804
43  9.46529
43  11.1109
43  5.34007
43  3.11041
43  2.25292
43  2.52761
41  0.768416
41  0.870329
9  0.961266
41  1.22094
1  1.56459
9  2.5263
13  2.86013
13  3.39319
13  3.90318
13  4.78731
12  5.67702
12  5.78421
12  6.90987
12  7.72387
12  9.49571
12  6.31244
12  6.68219
12  4.93567
12  3.91236
12  3.78962
15  4.84952
15  4.32971
47  4.12965
15  6.72043
47  6.82779
43  6.93587
43  4.83097
43  3.73342
43  3.48201
43  3.59198
43  3.80572
43  5.10759
41  5.28783
43  6.94789
43  8.25892
43  6.96998
43  5.41936
43  4.4179
43  3.83077
43  2.93637
43  3.08731
43  2.63901
43  1.88412
43  2.01803
9  2.52717
43  2.18907
43  2.39669
9  3.47038
40  3.5045
8  3.33012
9  5.71272
40  5.42504
8  5.21638
8  5.38821
8  5.72011
8  7.9665
12  7.7341
8  5.84041
8  4.80184
12  4.15364
8  4.24166
8  4.21707
13  4.95451
13  4.11722
13  4.18773
13  4.51295
29  5.58513
13  5.43768
13  5.8721
29  7.19769
13  7.92368
12  7.66183
12  5.00906
13  4.97483
15  4.19968
15  3.27041
15  5.1305
15  4.90163
47  5.03007
43  5.79517
43  7.71608
43  8.43859
43  6.52946
43  5.95557
43  6.08766
43  6.91627
43  3.83334
43  3.1795
43  3.05735
9  1.68658
41  1.56449
41  1.0601
1  0.645236
9  0.682862
1  0.803065
9  0.479115
41  0.47692
9  0.63491
1  0.809041
9  1.11704
8  1.71092
9  1.96363
41  2.19266
8  1.8453
8  2.38244
8  2.87238
8  3.24702
8  4.86154
8  5.05485
8  4.74696
8  2.19084
8  1.3213
8  0.96892
8  1.05305
8  1.35798
40  1.94723
9  2.541
9  3.17057
9  4.25982
9  5.84291
1  3.9842
1  3.62935
1  3.3573
1  2.98029
1  2.33732
9  2.09992
1  1.75893
1  1.53633
9  1.51562
1  1.3436
9  1.59689
9  1.73354
9  1.74306
13  1.9337
29  2.69408
29  2.47136
9  3.02333
8  3.03652
9  3.8681
8  3.46662
8  3.59227
8  4.40676
8  4.29971
8  6.00925
8  5.61169
8  2.98803
8  1.98019
8  1.41606
8  1.2947
8  1.61532
8  2.37726
1  2.99186
1  3.51433
1  4.47726
1  5.8805
1  7.72403
1  5.89732
1  5.04118
1  4.41652
9  3.88744
1  3.1121
1  2.83344
1  2.36396
1  1.84801
9  1.72098
1  1.43576
1  1.3059
9  1.35027
1  1.20926
9  1.52629
9  1.73472
9  2.16519
1  2.24427
9  2.65776
9  2.96532
9  3.12126
8  3.02608
8  4.07917
8  3.73976
8  4.07946
8  5.07095
10  4.80379
10  6.98388
10  6.19061
8  8.36432
8  5.57996
8  4.29887
8  3.51139
8  3.22196
8  3.43519
8  4.1558
11  4.89689
43  6.45394
9  7.55334
9  8.74056
1  7.13292
3  6.79926
43  7.28396
43  6.67687
43  6.44319
11  6.5962
11  6.44897
3  6.5272
43  7.10005
43  7.4962
43  7.42369
11  8.46587
43  5.15966
43  3.23519
43  2.06941
11  1.71285
11  1.49222
3  1.43574
27  2.4913
25  2.77636
25  3.20522
25  4.04407
29  4.69775
29  6.04623
29  4.24058
29  3.59824
25  4.24854
29  3.32881
29  2.52747
29  2.37814
29  3.17607
13  2.71067
29  2.43904
29  4.04733
24  3.81856
8  3.47263
8  3.77658
8  5.08482
8  4.57942
8  4.89252
8  6.95901
8  7.33097
8  4.44144
8  3.39023
8  3.11427
24  2.90427
8  2.78754
8  3.51704
11  2.75234
11  2.66314
43  4.05277
43  4.14487
11  4.31425
11  4.86805
11  6.38773
11  7.42955
11  4.52897
10  3.3513
10  2.49929
11  2.4191
11  2.08987
15  2.03748
15  2.25885
15  3.10914
15  3.58545
29  3.98105
29  2.25175
29  1.91695
29  2.16146
29  2.85242
29  3.84737
25  5.14705
25  4.86344
25  5.84496
25  7.49467
17  9.22837
25  6.56503
25  4.9454
17  4.12641
57  2.8805
25  2.05469
57  1.76794
25  1.04856
25  0.625545
25  0.647515
9  0.582799
57  1.0643
25  1.24409
8  1.83436
8  2.3941
8  2.95684
11  3.39039
10  4.52779
10  4.14099
10  5.88391
10  6.90169
10  9.21494
10  6.32934
10  2.7913
10  1.68564
10  1.85693
11  2.23762
27  1.16976
27  1.25676
11  1.67215
1  1.85366
25  2.23901
25  2.76094
25  3.3962
17  4.39417
25  5.31065
25  7.03747
29  4.03731
29  3.24462
25  2.39817
25  1.8701
25  1.42017
1  1.32589
25  1.33433
9  1.73301
8  2.02533
24  2.47909
24  3.32541
10  3.66674
10  3.92713
10  6.05964
10  6.91423
10  8.72705
10  5.90556
10  2.77295
10  2.15046
11  2.69775
11  0.921761
11  1.1869
3  1.57278
27  1.63397
27  1.77394
25  2.55834
25  2.77749
25  3.43522
25  3.74206
29  4.0126
29  4.30363
29  5.76831
29  7.01827
29  4.03281
29  3.03196
29  3.88327
29  3.30993
29  3.15759
29  3.02753
24  3.32086
24  4.75663
24  5.00277
8  5.68103
10  8.41547
10  8.37362
10  9.01277
10  7.78741
10  6.71084
10  7.10387
10  7.41197
10  8.29796
10  10.3726
11  7.0399
11  6.27442
11  5.28167
3  4.43378
11  3.81014
11  3.27323
11  3.13991
11  2.81714
27  2.47483
11  2.65498
31  2.78879
27  3.05669
31  3.25089
31  2.98855
31  3.13807
31  4.60276
31  4.51628
29  4.60487
29  4.83743
29  6.4701
29  7.99866
29  4.63326
29  3.22273
29  2.74648
29  3.46238
29  3.33896
25  3.82017
25  2.64451
25  2.99736
25  3.95101
25  4.29175
25  4.48006
25  6.01773
17  3.20844
17  1.87895
25  1.27383
25  1.10156
25  1.31938
25  1.6482
8  2.27505
8  2.69267
10  3.3054
10  4.79665
10  5.78582
10  4.49969
10  5.16894
10  6.62441
10  4.04771
10  4.10695
11  2.54902
3  2.13869
3  1.44754
11  1.48997
11  1.10511
3  0.941979
27  0.691672
11  0.798762
27  0.704081
3  0.738843
27  1.20997
11  1.77129
27  1.90645
31  1.9775
31  1.86755
31  3.33137
31  3.31019
31  3.06714
31  3.23598
31  4.65263
29  4.75737
31  5.47975
31  2.69335
31  1.54967
31  0.982973
31  0.98581
31  1.2272
15  1.78923
27  2.53865
27  3.04548
27  4.06096
59  5.57877
59  3.83779
59  3.48544
59  3.19839
59  2.75476
59  2.40713
27  2.38087
59  2.30782
17  2.33037
17  2.47884
17  2.18235
17  2.26958
25  2.28643
25  2.41025
25  2.18965
25  2.30444
17  3.0068
17  2.88319
25  4.22277
17  3.98838
25  5.3427
29  5.12054
29  4.66842
29  6.03241
29  3.7957
17  3.55033
24  3.13968
24  2.78947
24  4.81838
10  5.28347
10  5.74401
10  8.24653
10  9.6608
10  7.97724
10  7.91265
10  8.34696
10  5.10677
10  3.76103
26  2.89394
10  2.50025
10  3.03194
3  3.07597
3  3.60576
19  4.74067
3  6.00061
19  8.32397
19  6.56703
51  6.34711
19  5.44984
19  5.01661
19  4.83625
17  4.56727
19  4.68199
17  4.2295
25  4.1435
17  3.78595
17  3.5663
25  3.62692
25  3.49366
25  3.43081
17  3.73842
25  4.27474
31  4.36815
31  5.38303
31  5.07815
21  5.20629
31  6.33685
31  6.48603
31  8.32153
31  5.47367
31  4.1005
31  3.20001
31  2.72646
23  2.26412
23  2.23472
19  2.12417
27  0.977595
3  0.903875
3  0.73926
19  1.16325
19  1.17095
3  1.22134
27  1.22658
31  1.40514
31  1.88349
31  1.85305
31  2.18973
31  3.1618
31  3.38512
31  3.43517
31  5.34856
31  4.90092
31  2.36788
31  1.54472
31  1.2652
31  1.53549
31  1.84557
31  2.45295
27  3.19607
27  4.15376
59  3.09374
10  3.07595
59  3.004
26  2.91915
26  3.05178
10  2.87103
10  3.33799
10  3.60184
10  4.1375
26  4.24062
10  5.70598
10  5.63341
26  7.28992
26  4.09584
10  2.44465
10  1.23103
26  0.749114
26  0.83451
2  0.967688
26  1.37265
24  2.20838
17  3.10019
19  3.82469
17  4.28769
17  5.19901
17  7.92793
17  9.20003
17  6.95617
17  3.50087
17  2.00878
17  1.55136
17  1.86773
27  2.45458
19  3.55406
27  2.36859
3  2.60516
10  2.5912
26  3.21573
26  3.21983
10  3.22156
10  3.69733
26  4.72464
10  5.75
10  6.01443
26  7.69714
26  4.96729
30  3.73247
30  3.07805
26  2.58244
26  2.4187
26  2.56911
2  2.6687
26  3.17624
24  4.29024
17  4.85585
19  5.35262
17  5.85209
17  6.55437
17  5.45875
17  6.19764
17  7.13936
17  8.41551
17  10.5242
19  12.1131
19  8.43964
3  7.20114
3  6.49023
3  5.1241
19  4.46146
3  3.75715
3  3.25659
19  3.0057
27  3.21686
19  3.23187
3  3.31244
26  3.81267
26  4.19431
26  4.40447
10  4.91374
26  5.41967
26  7.13121
30  6.79664
14  8.37228
30  10.0658
30  6.59566
30  4.97831
30  5.65932
30  4.32639
30  3.67747
30  3.85158
30  3.55755
26  4.195
30  4.19458
24  4.74937
26  6.03746
16  6.15494
16  6.30089
17  6.74087
17  8.38991
17  9.00005
17  6.87077
17  6.95462
17  7.03141
17  7.82502
17  8.87565
19  8.35744
19  5.98455
19  5.14769
19  4.31559
3  3.84546
19  3.47317
27  3.51832
23  3.63114
31  3.96296
23  4.49593
31  4.73905
30  5.16698
30  6.586
30  7.38107
30  7.15271
30  8.23394
30  7.71641
30  6.47149
30  7.80411
30  4.63574
30  3.83508
26  3.791
18  2.21391
26  1.69031
2  1.38186
2  1.38038
18  1.75899
26  2.02924
2  2.46072
19  2.84295
19  3.05988
19  3.838
19  4.02738
19  5.27852
19  5.28325
19  7.02026
17  7.42416
19  4.67741
19  3.32087
19  2.74026
19  2.34797
19  1.84845
19  1.8311
27  1.99068
23  2.03911
23  2.70298
23  3.90046
30  4.24405
30  4.53863
30  5.66573
30  7.68497
30  9.12604
30  8.28702
30  4.13056
30  2.53034
30  2.07198
30  2.0303
26  2.14924
18  0.612109
26  0.832608
18  0.880368
58  0.736426
26  1.07236
18  1.53105
59  1.85547
51  2.04378
19  2.05594
19  3.30271
19  3.47502
19  3.60746
19  5.20658
17  4.92263
17  2.50333
19  2.17706
19  1.60216
17  1.75028
23  1.95301
23  2.65046
23  3.11005
23  3.87837
30  5.19542
30  5.76569
30  6.99513
30  10.3107
30  8.51959
30  7.13859
30  3.83462
30  2.1394
30  1.64203
22  1.61264
26  2.27272
18  2.86644
26  1.91456
18  2.15745
59  2.47016
19  2.35327
19  3.01643
19  3.2715
19  3.24606
17  3.68061
17  4.52578
17  4.15953
17  5.14245
17  7.27032
17  6.35436
17  8.2636
17  5.13051
17  3.79606
17  3.27889
17  3.41675
17  3.76356
23  5.91141
23  6.03035
22  6.6261
30  4.52015
30  4.19356
30  4.07868
30  4.52574
30  5.53537
30  6.77161
30  8.6058
30  10.6495
26  7.78867
58  6.94027
58  6.07704
26  5.53969
26  4.75558
58  4.04835
18  3.76444
58  3.5279
58  3.00991
26  2.82364
26  2.6539
58  2.44463
18  2.4455
18  2.61071
58  2.77006
18  3.40921
16  3.3714
18  4.6745
24  4.2357
16  3.74714
16  5.13306
16  4.55946
16  4.65139
16  6.41745
16  6.39311
16  3.73489
16  2.52032
16  1.67375
24  1.03833
24  0.858331
16  1.15217
16  1.92086
18  2.3862
18  3.22332
18  4.52028
58  6.20245
58  4.28112
58  3.72985
58  3.26589
58  2.51832
26  2.20927
26  1.85155
58  1.32535
26  1.1699
26  0.928924
2  0.584863
18  0.703511
18  0.712452
26  0.561473
18  0.750546
2  0.890591
18  1.14282
18  1.4911
18  1.7078
16  1.95239
16  2.24853
16  2.62991
16  2.66114
16  3.94455
16  3.69127
16  5.35356
16  5.21203
20  4.76944
16  6.88935
16  9.37786
16  8.991
16  5.82761
16  4.25405
16  3.12864
16  2.45322
16  2.22974
16  2.46028
16  3.14707
2  4.06354
2  4.54737
2  5.49487
2  6.90876
2  8.79192
2  11.1474
26  10.0078
10  9.23609
2  9.01515
2  8.31235
2  7.89841
2  7.28016
6  6.88323
22  6.59651
6  6.1102
30  6.13674
30  6.01065
30  5.54041
30  5.85978
30  5.72304
30  5.90797
22  6.20794
22  3.29346
30  1.79636
30  1.04634
22  0.899816
6  0.899063
6  1.33047
50  1.86609
50  2.44375
50  3.27658
50  4.80837
51  6.15119
51  4.51246
51  3.74512
51  3.23638
50  2.98338
19  2.6898
51  2.01831
51  2.19215
50  2.03929
19  1.92056
51  1.96497
18  2.63937
51  2.4945
50  3.76924
16  3.27954
16  2.91628
16  3.32177
16  4.85784
16  4.43886
16  4.55002
16  6.82871
20  6.81787
16  7.34369
16  4.43939
20  3.04312
20  2.25195
16  2.02097
16  1.84897
16  2.33842
22  3.27052
22  2.31128
22  2.63238
30  2.96205
22  4.00935
22  3.99662
30  5.17981
30  5.62579
22  6.7838
22  4.12956
20  2.92753
22  2.25433
22  1.52737
22  1.42427
23  1.69561
55  1.95844
55  1.891
50  3.8924
50  4.25161
51  4.30173
51  4.82774
51  7.66521
51  8.38844
51  9.64449
51  4.59699
51  2.69788
51  1.78008
51  1.98218
18  2.29649
50  0.950811
18  1.32321
58  1.79114
58  1.8745
22  2.10544
22  3.01774
22  3.3735
22  3.4737
22  4.96296
20  4.76701
30  6.7159
20  8.34256
20  4.93905
20  3.29439
20  2.42181
20  3.01831
20  2.33255
20  2.29074
22  3.68616
23  4.25105
55  3.82246
55  4.10601
55  6.72236
51  6.78032
51  7.20706
51  5.23586
51  5.08778
51  5.48552
51  6.00362
50  7.5681
50  8.2943
50  7.79581
50  5.62734
50  4.84212
50  3.94664
58  3.33706
50  3.03833
18  2.84345
58  2.99635
58  3.09451
18  3.66286
16  3.95072
20  4.57063
20  5.00545
20  5.24551
20  6.28223
20  3.88713
20  4.88922
20  3.97912
20  3.88006
20  3.91427
54  4.78634
22  4.84157
23  5.23136
55  5.30815
55  6.88061
51  7.1304
51  7.61195
51  7.44067
51  9.49481
51  9.64881
51  10.7174
51  8.26701
51  8.4356
51  7.90618
51  9.02296
51  9.22038
50  11.0127
50  6.83999
50  5.92401
50  5.2472
50  4.68142
58  4.06499
50  3.96369
50  4.30017
16  4.74248
22  5.39137
20  5.62146
20  5.84342
20  7.02463
20  8.04814
20  9.54894
20  6.4361
20  5.6598
20  5.86241
20  5.42361
20  4.49263
20  4.6682
20  5.60326
20  4.99106
20  5.16081
20  7.22528
52  7.10413
23  6.96295
55  6.96991
55  9.20709
55  9.1265
51  9.26353
49  9.29822
51  6.97737
51  6.48577
51  6.03322
51  5.94487
23  6.34108
50  7.09678
50  7.82877
50  6.46337
50  6.86549
50  7.4475
50  7.34227
50  8.14137
50  8.74177
50  6.38603
58  5.32846
50  4.68206
50  4.78925
48  4.69784
48  5.34682
48  5.38416
20  6.06291
20  6.43233
20  7.88594
20  8.81759
20  6.99076
20  7.21183
20  8.36051
20  5.06455
20  4.51313
22  3.40155
22  3.07648
22  2.45857
62  1.95613
54  1.83255
22  1.47528
62  1.35245
54  1.20073
22  1.44584
54  1.4856
62  1.7701
54  1.99023
22  2.54335
55  2.95139
50  3.28897
55  3.50578
55  3.58614
55  4.90231
51  4.71753
55  5.57893
51  5.50257
51  6.78465
51  6.27557
51  8.11335
51  10.4449
51  7.20846
51  5.60836
51  4.67042
51  4.38518
55  5.72827
50  5.40411
50  3.83129
50  5.29368
50  5.29578
58  5.50789
50  5.43155
34  7.34927
34  7.33853
50  8.12132
50  5.41403
34  4.27425
50  3.32757
48  3.2885
48  3.0562
48  3.75373
48  4.13263
20  7.29025
20  7.37466
20  8.15799
20  6.46762
20  6.27688
20  6.46974
20  7.24109
20  4.55304
20  3.55213
20  3.34318
22  3.6484
54  2.0857
6  1.58173
62  1.24879
22  1.30247
6  0.808878
22  0.452185
54  0.443263
62  0.397549
54  0.327179
54  0.558826
62  0.718114
54  0.944568
54  1.54038
54  1.68046
22  2.03039
55  1.78981
55  2.03028
55  2.48857
55  2.45424
55  3.82675
55  3.53128
55  3.86982
55  5.11983
55  2.48944
55  1.35817
55  0.676957
55  0.44381
55  0.656839
55  1.31431
54  2.14175
22  2.76312
22  3.79697
62  5.10702
62  6.76642
62  4.71127
22  4.234
62  3.50422
62  2.82102
62  2.60941
62  2.15424
62  1.59916
62  1.77479
54  1.35679
22  1.26139
62  1.16231
22  1.10548
22  1.3115
54  1.14745
54  1.49529
62  1.61156
54  1.87589
20  1.87954
54  2.53553
52  2.54838
20  2.88498
55  3.26275
55  3.52348
55  4.55654
53  4.39157
55  6.52228
53  5.69569
55  8.41265
55  5.69434
55  4.40717
55  3.58582
55  3.23356
55  3.35376
55  3.94995
52  4.52243
52  5.5563
62  6.60338
62  8.01624
20  6.99265
20  6.79948
20  6.06781
20  5.79763
60  5.78807
20  5.50943
60  5.5903
20  5.68779
20  5.8914
20  5.61904
20  6.15471
20  6.37941
20  3.22522
20  1.95227
52  1.32782
60  0.810444
60  0.675393
52  0.976949
54  1.70824
38  2.13797
38  3.01726
34  4.23271
34  5.59828
34  6.75923
34  8.62193
34  7.19798
34  6.24254
34  5.07838
34  4.57712
34  4.30664
34  3.66419
34  3.11452
34  3.30621
34  2.91662
34  4.38861
34  3.6931
34  3.13792
34  3.12308
34  4.71028
55  4.26131
55  4.35083
55  6.16645
39  5.81858
55  5.38588
55  2.97086
55  2.11499
55  1.10729
55  0.806269
55  1.20156
38  1.94982
54  0.917558
54  1.47492
54  1.85262
62  2.08306
52  2.26798
52  2.80798
20  3.53805
52  3.89126
53  3.96559
53  5.57347
52  7.04272
53  4.09005
53  2.85369
53  2.3179
52  3.09748
48  2.54256
48  2.45471
32  3.87865
32  3.88603
32  4.49015
34  7.05774
34  7.09561
34  7.6544
34  5.62377
34  5.20906
34  5.23191
34  5.63841
34  6.44686
34  7.78152
38  4.84039
38  4.04228
38  3.19789
38  2.49787
6  1.72202
38  1.35312
54  1.19936
6  1.17585
38  1.00086
54  1.42966
39  1.83845
55  2.21471
52  2.78368
55  3.12123
53  3.22915
53  4.70692
53  5.53832
53  5.23314
53  6.58526
53  8.98549
53  11.3541
53  7.6629
53  3.35019
53  1.47721
53  0.873346
52  1.43269
52  0.723348
36  1.32978
38  1.75426
38  2.0035
38  2.45172
34  3.41732
34  3.92735
34  4.74129
34  5.84642
34  6.87605
34  8.73291
34  7.27319
34  5.05315
34  3.93061
34  3.34348
34  4.07247
34  2.93859
34  2.86374
38  4.46211
55  4.43753
39  3.80686
55  3.97878
55  4.37518
55  6.65147
53  6.97567
53  4.46199
53  4.30715
53  3.77362
53  4.50057
53  4.77803
52  4.46014
52  5.96528
53  6.7966
53  8.24307
52  6.28844
53  4.9631
53  4.04386
53  3.41183
53  2.87802
52  2.6197
52  2.66804
52  3.29816
36  2.9465
48  2.91517
32  2.6103
32  2.79675
32  4.63986
48  4.68326
34  4.72345
34  5.21932
34  7.33566
34  8.56069
34  7.66929
34  5.30593
34  4.5519
34  3.92288
34  4.4222
34  4.31382
38  5.94645
38  4.85989
38  6.00675
38  3.4984
38  2.27323
38  1.24343
38  0.925193
38  1.00211
6  1.28697
38  1.54504
55  2.1827
55  2.77271
52  4.03702
53  4.47893
53  5.28147
53  6.93006
53  4.25921
53  4.46616
53  3.96826
53  3.18435
53  4.51929
53  4.16525
53  3.46619
53  3.67909
53  5.52833
37  5.1033
32  5.17002
32  7.52572
32  7.01167
32  6.82772
48  4.22675
32  3.37841
32  2.79859
48  2.59652
32  2.92138
52  2.28101
36  2.65491
32  3.28183
36  3.81539
38  3.93133
34  4.29289
32  4.66272
38  5.89721
34  5.47432
34  6.95057
34  6.28305
34  7.71121
34  5.15587
34  4.42665
39  6.00542
39  5.19742
39  5.01316
39  2.62265
55  1.7308
55  1.12246
39  1.36
39  1.69467
55  2.40053
53  3.4322
36  4.2941
36  4.05563
60  5.67983
60  6.93774
60  5.04621
52  4.55696
52  4.03333
60  3.22651
52  2.88147
52  2.35268
52  1.94103
52  1.75171
36  1.81763
52  1.59538
52  1.39329
36  1.67127
37  1.90972
36  2.10759
52  2.36593
48  2.06969
32  2.36922
32  2.8294
32  3.09158
32  4.65435
32  4.50119
32  4.15494
32  1.74591
32  1.04561
32  0.846433
32  0.818116
48  1.06268
32  1.69379
36  2.29661
36  3.14125
36  4.51567
4  2.79211
4  2.17651
4  1.7981
36  1.50188
4  1.09719
36  1.14997
4  1.19816
4  0.974027
52  1.10001
36  1.1251
4  1.20862
36  1.23055
36  1.54743
4  1.80384
32  2.26745
32  2.52717
38  2.90574
32  3.09641
32  3.3175
32  3.66671
32  4.24107
32  4.29057
32  5.78097
32  5.57338
32  2.92358
32  1.89166
32  1.315
32  1.19115
32  1.5178
32  2.29274
4  2.83808
4  3.37817
4  4.36128
4  5.78575
4  7.50271
4  5.88493
4  5.33629
4  4.55078
4  3.97964
36  3.5217
4  2.86267
4  2.68235
4  2.29888
4  1.83702
36  1.78386
4  1.59733
36  1.54384
36  1.58911
4  1.52976
36  1.8906
36  2.09414
36  2.53476
36  2.7271
32  3.0402
32  3.17412
32  3.48359
32  3.35585
32  4.56374
32  4.15663
32  4.38547
32  5.47211
32  5.49959
32  7.50266
32  7.27698
32  4.42091
32  3.18118
32  2.41066
32  2.1123
32  2.28919
32  2.94448
32  3.89358
36  4.61291
36  5.26564
36  6.39846
36  8.01525
4  6.18339
4  5.99645
4  5.67582
53  6.25448
4  5.8032
37  5.61259
53  5.30555
5  5.06357
37  4.82561
53  5.30187
53  5.07311
53  5.78232
53  5.4209
53  5.8461
37  6.08029
37  3.38291
53  2.1296
37  1.59671
37  1.36664
5  1.3096
37  1.88529
39  2.54447
4  3.18248
46  4.10017
46  4.80214
46  6.18265
46  4.63578
46  4.02952
46  4.8885
46  3.9023
46  3.09099
46  2.88639
46  3.68813
46  3.3201
46  3.10824
38  4.75965
46  4.30208
32  4.24008
34  4.42524
32  5.58985
32  5.81222
32  5.51799
32  7.58057
32  7.6335
32  5.15995
32  3.64185
32  2.58227
32  2.17144
32  2.47273
40  2.66136
32  3.15274
36  2.30546
36  2.68839
37  3.02713
37  2.77996
37  3.30703
37  4.04982
37  4.61837
37  4.95701
37  6.52246
37  4.20383
33  3.2547
37  2.93308
39  2.40419
39  1.86998
39  3.32282
47  2.87615
47  3.03327
46  5.55438
46  5.54541
46  5.65079
46  6.45942
46  9.49419
46  10.4918
46  8.91772
46  4.75752
46  2.97684
46  2.13933
44  2.12161
36  0.52568
44  0.295978
36  0.715397
44  0.989054
60  1.14074
37  1.80747
32  2.2699
32  2.80118
37  3.12151
37  4.25008
33  3.88444
33  5.44644
33  6.99444
33  4.0069
33  2.80993
37  4.25163
33  3.31513
33  2.95671
33  3.39543
39  5.36687
47  4.9664
47  4.93881
47  8.39011
46  8.28488
46  8.41221
46  6.35191
46  5.88253
46  6.06483
46  6.36993
44  6.94314
44  8.44662
46  8.90031
46  7.0529
46  5.92022
46  5.21781
46  4.74446
46  4.25486
40  4.05891
40  3.91759
32  3.66428
32  5.51791
32  5.07084
40  4.88154
32  5.23896
32  5.79389
33  7.62669
33  8.76292
33  5.49183
33  5.87002
33  4.49004
33  4.52028
33  5.10737
37  6.11249
37  3.38765
33  2.67907
37  2.45018
37  1.84329
37  1.25106
37  1.26375
37  1.70084
37  2.1571
45  2.22138
39  2.8081
47  2.98673
47  3.56473
46  4.94775
46  5.38751
46  5.33508
46  6.01062
46  7.47713
46  8.6473
46  6.28822
46  6.94103
46  6.40205
46  8.15989
46  8.23598
44  8.68869
44  5.678
44  4.32759
60  3.23687
44  2.49072
44  2.13268
36  2.21292
44  2.18187
60  2.45392
40  3.02947
40  3.54618
33  3.92078
33  5.25599
33  5.46764
33  6.44954
33  8.32146
33  7.20125
33  5.55
33  5.3585
33  4.22338
33  4.99033
33  4.75507
33  4.07751
33  5.68028
33  5.47884
41  5.03601
33  5.38484
33  7.4447
41  7.26745
39  7.09862
39  9.8032
47  9.55778
47  9.48683
47  6.60368
47  5.55712
39  4.8726
47  4.40399
47  4.56608
39  5.0879
45  3.95625
37  4.47993
44  4.61476
44  5.07676
44  5.54477
44  5.74568
46  6.12771
46  6.98213
44  8.06351
46  7.68257
46  8.9959
46  11.0967
46  7.76828
46  6.20475
46  5.43165
40  6.36998
40  5.53407
40  5.33483
40  2.84577
32  1.8535
32  1.17844
40  1.27664
40  1.56659
32  2.1256
32  3.30789
45  4.12765
37  3.79594
37  5.13882
5  6.39264
53  4.48933
37  3.77974
5  3.43897
61  2.59155
37  2.12986
37  1.78773
5  1.6739
45  1.25494
37  1.22652
37  1.1171
61  1.17058
45  1.24636
37  1.66561
37  1.89087
37  1.89845
47  2.03018
47  2.27531
47  3.02355
47  2.75168
47  2.82866
47  4.09573
47  4.22211
47  6.54973
47  6.55311
47  6.27733
47  3.39499
47  2.1797
47  1.52589
47  1.20385
39  1.20129
47  1.29548
47  2.00987
45  2.60749
45  3.35402
37  2.19984
45  1.74775
61  1.32545
45  1.31934
61  1.29765
61  1.34542
45  1.67319
45  1.91747
61  1.98034
45  2.10683
45  2.37479
45  2.59872
44  2.62236
44  3.13819
44  3.18153
46  3.41745
47  4.36104
47  5.89857
47  5.36088
46  5.35927
47  6.81393
46  6.34017
46  8.95183
46  8.00881
46  5.01295
46  3.65935
46  2.76825
46  2.33699
47  2.19615
47  2.4752
47  3.18219
61  4.03109
45  4.53092
45  5.42325
61  3.70591
61  3.24432
45  2.97871
61  2.53678
45  2.51708
45  2.33617
61  2.03589
45  2.16317
61  2.17745
45  2.22631
45  2.45699
61  2.57268
47  3.03929
47  3.14195
47  3.48249
47  3.29235
47  4.52957
47  4.05015
47  4.19422
47  5.29901
47  5.22793
47  7.23869
47  6.89238
47  4.09353
47  2.90929
47  2.18217
47  1.91398
47  2.10667
15  2.62189
13  3.14237
45  3.63163
45  4.41752
61  2.81282
61  2.37105
45  2.27128
61  2.03421
45  2.15885
45  2.22574
61  2.23517
61  2.72071
45  3.03619
45  3.1753
45  3.25147
41  3.42278
41  3.87128
41  3.7558
41  4.26428
33  5.25384
41  7.11963
41  6.75326
43  6.3883
43  7.7152
43  7.12923
43  9.45627
43  6.46127
43  5.23988
42  4.57038
43  4.83551
40  4.50454
42  4.60566
40  5.84719
40  3.57916
40  2.94966
12  2.64368
12  2.38537
12  2.7449
12  3.34252
44  4.49481
13  5.63738
13  5.48729
13  7.18026
13  4.98443
13  4.26674
13  3.63409
5  3.07354
5  2.44756
13  2.32511
13  1.88953
5  1.53659
45  1.52311
13  1.46455
45  1.32118
5  1.27412
47  2.15179
47  2.40457
47  2.22438
47  2.5583
47  2.69951
47  4.58064
43  4.63282
47  4.66744
43  4.62256
43  6.20381
43  7.78626
43  4.74829
43  3.47622
43  2.96837
47  4.43211
43  4.30826
41  4.3797
41  4.28537
41  4.35836
33  5.24516
33  5.78345
41  6.91883
41  4.16586
41  3.0033
41  1.86352
41  1.02226
41  0.825842
41  0.819845
41  0.96291
41  1.5364
41  2.6125
5  3.04258
13  3.57822
12  4.23363
12  4.98427
12  6.91259
12  8.24932
12  5.43516
12  6.12426
12  4.95953
12  3.9551
12  3.39911
12  3.16176
12  4.04276
12  3.85133
15  3.66362
15  5.38573
47  5.24043
47  4.76235
47  5.25621
47  7.64403
47  7.58737
43  5.13762
43  4.26711
47  3.42498
43  3.35889
47  3.5207
41  2.93803
41  3.57988
43  4.1386
43  5.11277
41  7.05491
43  9.12176
43  5.65375
43  4.00152
41  4.47546
43  3.37847
43  2.67131
43  2.82282
41  3.96747
8  3.39334
8  3.13964
40  3.44297
8  4.02774
40  5.79706
12  5.87937
12  6.18617
12  8.82478
12  9.47673
12  7.22677
12  6.34196
12  6.91718
12  6.10138
12  7.34205
12  7.51145
13  4.10159
13  2.85265
13  2.22399
13  1.88545
13  1.31157
5  1.09032
13  1.31442
13  1.88647
47  2.08829
41  2.86512
41  3.35729
43  3.48454
43  3.94043
43  5.7012
43  6.65743
43  8.57403
43  5.46937
43  6.13805
43  4.63978
43  4.0956
43  3.55217
43  5.01161
43  4.23512
43  4.45446
43  7.07571
8  6.72957
40  6.30134
8  6.15572
8  9.40127
8  9.49122
8  9.62829
12  7.09253
8  6.10741
8  5.58903
8  5.48031
40  5.84878
13  5.21239
13  5.52124
12  6.34839
12  6.87228
13  7.90304
13  9.38559
12  8.86206
12  6.39993
12  6.50492
12  5.54435
47  5.22253
13  6.35157
47  5.59744
47  5.02662
15  5.09641
15  2.90442
47  2.08394
15  1.83597
47  1.99605
47  2.68458
41  3.63565
41  2.86755
41  3.93495
41  5.31785
33  6.98476
43  8.45422
43  7.03259
43  5.13565
41  4.94053
43  4.16517
43  3.02022
43  2.79464
41  2.91679
43  2.20175
43  2.03212
43  1.73691
41  2.41596
9  2.4228
43  2.31589
41  3.34346
8  3.45258
40  3.17032
8  3.10415
8  4.6096
8  4.64415
8  4.6106
8  7.05768
12  7.05795
8  7.3028
8  4.48395
12  3.33895
8  2.70684
8  2.1243
8  2.19262
8  2.7565
41  3.35445
13  2.15774
13  2.47618
13  3.06191
5  2.91795
13  2.82611
13  4.12113
29  4.3491
13  4.29227
12  4.69088
29  6.15792
13  7.19544
12  6.68336
12  3.84997
12  3.0056
13  3.46427
15  2.64403
13  4.0581
15  3.91615
15  4.15492
43  4.83533
43  2.88462
43  2.34474
43  2.46853
43  2.95302
43  3.85981
43  5.1594
43  6.82926
43  9.1355
43  12.0703
41  10.0357
41  7.99865
57  6.76608
57  6.03673
57  5.41939
57  4.61799
57  3.77136
9  3.13994
57  2.41468
57  2.00471
57  2.30091
57  1.52318
57  1.00614
9  0.858543
57  0.663855
57  0.546027
9  0.99944
57  1.07675
9  0.915065
41  1.07671
9  1.24615
9  1.35072
8  1.52456
8  1.77732
8  2.27388
8  2.34018
8  3.76397
8  3.59845
8  3.82628
8  3.93882
8  5.37739
8  5.24435
8  2.42915
8  1.22846
8  0.491385
8  0.21496
8  0.396384
8  1.03298
1  1.7119
1  2.12599
1  2.9886
1  4.12887
1  5.68789
1  7.69573
1  5.88856
1  5.121
1  4.21076
1  3.71281
1  3.05268
1  2.30583
1  1.95391
1  1.43998
1  1.08938
9  0.901568
1  0.513245
9  0.57229
9  0.463876
1  0.230066
9  0.436972
1  0.526016
9  0.651232
9  0.990049
1  1.20584
8  1.67977
8  1.93037
8  2.35117
8  2.33061
8  2.78521
8  3.19393
8  3.827
8  3.93615
8  5.4247
8  5.26386
8  2.63693
8  1.62701
8  1.07755
8  0.991157
8  1.37054
8  2.21854
1  2.8805
1  3.55224
1  4.70178
41  6.73643
1  8.49847
1  6.49432
1  5.98447
1  5.36006
1  5.05463
9  4.8751
1  4.49786
43  4.59576
43  4.52746
43  3.97169
43  4.08258
11  3.95657
11  4.13116
43  4.17529
43  4.4832
43  4.59527
43  4.73977
11  5.75169
43  2.64047
43  1.22177
11  0.640901
11  0.559705
3  0.898072
59  1.32713
25  1.86474
25  2.44808
25  3.39165
29  4.15596
29  5.44109
29  7.29832
29  9.01193
29  7.41198
29  6.89975
29  5.60775
29  4.94951
29  5.53759
29  4.56019
29  3.81446
29  4.89553
29  4.17117
29  3.71577
29  3.55867
29  4.83211
29  4.56044
29  7.03646
8  6.43475
8  6.17716
24  3.72533
24  2.37094
8  1.73298
8  1.76459
8  2.15183
25  1.97638
9  0.840679
25  0.93919
9  0.963847
1  1.15489
9  1.75193
8  2.26684
8  2.63609
11  2.76419
10  3.30474
10  3.96442
11  4.90113
10  4.64791
10  6.05002
10  8.45089
10  5.29424
10  3.80874
10  3.02563
11  4.85516
15  4.01415
15  3.68905
15  4.07771
31  5.69832
31  6.2179
29  4.06086
29  3.42919
29  3.05177
29  3.18933
29  3.80501
25  3.97334
25  5.14031
29  6.54359
29  4.26825
25  3.56247
29  2.95807
29  2.42252
25  2.26195
9  2.08882
25  1.98634
8  2.15016
9  2.79192
8  2.53866
8  2.74368
8  2.77187
8  4.62267
10  4.72653
10  5.18561
10  2.77479
8  3.19516
10  2.5207
10  2.77327
10  4.05705
11  4.40971
11  3.90483
11  4.6754
11  6.00061
3  3.46112
11  1.95402
11  1.30391
11  0.892924
11  0.451349
11  0.601972
27  0.647336
11  1.14449
3  1.68795
9  2.04025
25  2.56188
29  3.09216
29  3.76028
29  4.845
29  5.76343
29  3.28176
29  3.81177
29  3.15701
29  2.38287
29  2.09903
25  3.45266
25  3.47051
8  3.16343
24  3.14728
8  3.73893
10  5.66494
10  5.72302
10  6.7854
10  9.10294
10  6.48233
10  3.53607
10  3.0983
26  3.57976
27  3.83622
25  2.96321
25  3.17246
29  3.45803
29  3.69951
29  4.03075
29  5.23993
29  6.01866
29  7.84877
29  5.0839
29  1.75615
29  1.0009
29  1.66049
25  2.17509
9  1.14643
25  1.67573
59  1.875
43  2.44302
11  3.156
11  4.1166
43  5.48482
11  6.76959
11  8.99845
10  5.95008
11  5.26837
11  4.37423
11  3.38394
10  2.52551
11  2.63833
27  2.07186
11  1.73578
10  1.86625
11  2.16149
11  1.9703
11  2.34446
31  2.39897
27  3.52106
15  3.59596
31  3.54938
31  3.80298
31  5.86381
29  5.53471
29  6.11442
29  3.47385
29  3.01074
29  3.16146
29  3.10558
29  4.02148
25  4.29108
25  3.52933
25  3.7694
25  4.21892
25  5.32225
25  5.26066
25  7.27111
25  7.51424
25  4.61888
25  3.00817
25  2.08234
25  1.70855
57  1.5199
25  1.55161
24  2.0429
24  2.47833
10  4.01081
10  4.29083
10  5.24245
10  7.3454
10  8.61338
10  10.5499
10  4.94226
10  3.09568
10  1.67082
10  1.39403
27  1.81443
11  0.461893
27  0.404837
59  0.413943
27  0.43412
11  0.621475
27  1.01292
27  1.00823
11  1.44579
31  1.72572
31  2.26035
25  2.60589
31  2.85359
31  3.08484
25  4.23457
29  3.81966
29  4.92061
29  7.11738
29  5.98188
29  8.2414
29  5.03789
29  3.46978
29  2.56308
29  2.30844
31  3.82837
31  4.07102
25  4.2816
25  4.9199
25  3.72448
17  3.79722
57  4.05919
25  3.72915
25  3.77731
17  3.88695
25  4.95182
25  4.71439
17  1.86412
17  0.936389
25  0.605952
57  0.617208
25  1.03459
27  2.07076
27  2.80695
11  4.02528
10  4.9462
10  6.60659
10  9.29874
10  7.8376
10  6.89808
10  7.19546
10  6.50992
10  6.11638
10  6.81968
10  6.33263
10  3.00178
26  1.46433
10  0.624436
10  0.504597
10  1.01111
27  1.79329
27  2.54341
27  4.22965
17  2.4736
17  2.47911
25  2.65342
17  2.57271
25  2.78202
25  2.82475
25  3.03107
25  2.75827
17  3.85115
17  3.35836
25  5.47458
17  4.7616
17  4.61959
25  6.44668
29  6.01279
31  8.07336
29  7.24307
29  4.59232
29  3.59221
31  2.81108
31  2.46298
31  2.55898
31  3.09797
59  3.84875
59  4.14766
59  4.88735
59  6.06725
59  7.68689
59  9.74597
59  7.74988
59  6.69675
59  6.09422
59  5.27818
59  4.40595
59  3.9304
59  3.2583
59  2.7769
27  2.43913
59  1.91723
59  1.83239
59  1.61385
59  1.25984
27  1.35153
19  1.17505
27  1.2486
19  1.23203
19  1.44812
19  1.47586
27  1.63091
31  1.75317
27  2.25011
31  1.92741
31  2.21823
31  2.70809
31  2.80293
31  4.2363
31  4.12111
31  1.80324
31  1.14282
31  0.862407
31  0.50063
31  0.751187
31  1.42186
27  2.08334
27  2.88388
27  4.18882
59  2.60732
59  2.28771
59  1.96662
27  1.74707
59  1.38308
27  1.56766
59  1.72007
10  1.94316
10  2.09667
26  2.14443
10  2.32546
26  2.31666
26  2.64365
10  3.00012
10  3.29094
26  4.25882
26  4.68209
26  5.44077
26  3.01345
26  2.04997
10  1.53011
26  1.45795
26  1.89392
26  2.45695
24  2.96278
17  3.62474
17  4.06636
17  5.50438
17  6.37055
17  7.87495
17  7.37162
17  6.61508
17  5.76719
17  6.67839
17  6.02221
17  2.91335
25  2.02729
17  1.89001
25  2.7574
19  3.49544
26  2.43337
26  2.85221
10  3.16684
26  4.23662
30  4.18004
10  5.55066
30  5.51856
30  6.80139
30  4.05139
30  3.03915
26  4.32055
26  3.8671
24  3.53945
26  4.71075
16  4.54543
16  4.61887
19  7.8318
17  7.76147
17  8.02888
17  8.73967
17  7.2667
17  7.02929
17  7.29361
17  8.15208
17  9.23062
17  7.56256
19  7.18119
27  5.48389
19  4.82295
3  4.00972
3  3.76648
19  3.65657
27  3.48952
3  3.72699
19  3.80497
27  4.33709
26  4.60382
10  4.99643
26  5.03611
26  6.50163
30  6.1636
26  7.41815
30  9.22703
30  5.96618
30  4.46724
30  3.73528
30  3.98005
30  3.35864
30  3.40244
26  4.25171
26  4.8607
16  4.95455
16  5.26373
19  7.03766
17  6.97406
17  7.36712
17  9.90632
17  10.5016
17  8.01387
17  7.32006
17  6.58626
17  7.76544
17  7.50116
23  6.88839
21  6.35364
23  8.44754
31  8.39917
23  5.32536
31  3.9221
31  3.01646
31  2.24486
31  2.23325
26  2.59865
23  3.10854
30  3.07514
30  3.88251
30  5.42304
30  6.86525
30  6.10867
30  7.84578
30  10.4905
30  12.9153
30  9.03222
30  4.3229
30  2.0851
30  1.16592
30  1.56921
18  1.77353
26  0.50028
26  1.14787
19  1.61208
51  1.87857
19  1.9393
19  2.59892
19  3.24514
17  4.31321
19  5.00931
17  6.54382
17  3.46459
17  2.46545
19  2.22953
19  1.87759
17  1.88733
19  2.25767
27  2.30682
23  2.48761
23  2.82201
31  3.41886
30  5.04499
30  5.20123
30  6.17716
30  9.08466
30  10.4918
30  7.47713
30  3.99481
30  2.84182
30  2.11584
30  2.6412
26  3.14803
18  1.84754
26  2.47976
19  2.79878
51  3.06508
51  3.41639
17  3.73874
17  4.38752
19  5.40764
17  5.5043
17  6.05932
17  8.09095
17  5.32459
17  2.14707
17  1.53273
19  1.82989
19  0.674559
59  0.933808
59  1.44293
26  2.04208
26  2.60646
26  3.46476
10  4.94148
26  6.59235
26  4.86796
26  3.83889
26  3.20881
18  2.66005
30  2.2247
26  2.16209
18  1.73896
26  1.69816
18  1.92045
24  2.09616
26  2.20025
16  2.25977
16  2.27542
16  3.577
16  3.23808
16  3.39388
16  5.61212
16  5.37546
17  5.39988
16  3.21516
16  2.14644
16  1.78154
16  1.78759
24  2.09697
16  2.7132
19  1.90413
19  2.21461
19  2.26248
19  2.15272
19  3.25065
19  3.30392
19  3.68326
19  3.94271
19  5.11675
17  4.89801
17  6.11037
17  8.26538
17  7.26227
17  4.45388
19  5.16011
17  4.08876
19  3.86135
19  3.78201
23  3.37805
23  3.62701
23  5.87624
22  6.15342
30  4.27822
30  3.79776
30  3.82746
30  4.14593
30  5.13048
30  6.42478
30  8.18058
30  10.2727
26  7.40632
58  6.83003
58  5.60195
10  5.26135
26  4.10331
58  3.5772
58  3.00716
26  3.24279
26  2.7246
26  2.66466
26  2.57297
18  2.5243
58  2.34379
18  2.7757
26  2.9877
26  3.4342
26  3.34299
16  3.23288
16  3.624
16  3.99025
16  4.15591
16  5.0646
16  4.89424
16  4.57075
16  6.31405
16  5.7773
16  2.98892
16  1.8218
16  1.14039
16  0.940434
16  1.16007
16  1.62288
26  1.95143
26  2.46399
26  3.45117
18  1.83507
2  1.25049
18  1.10642
58  0.871495
58  0.697917
18  0.74078
58  0.610784
18  0.631842
26  0.95536
58  0.901053
26  1.04806
26  1.42698
18  1.61181
26  1.84791
16  1.81957
16  2.81972
16  2.41538
16  2.59101
16  3.50998
16  3.39591
16  5.2139
16  4.81088
16  2.24487
16  1.2998
16  0.801451
16  0.74977
16  1.14482
16  1.98679
2  2.69746
2  3.3125
2  4.37607
2  5.88889
2  7.8518
2  10.2658
2  8.80692
10  7.90013
2  7.41964
2  6.45629
2  6.01816
2  5.2344
2  4.82706
2  4.40662
2  3.78745
18  3.62915
2  3.36422
2  3.17182
22  3.21228
2  3.14869
30  2.96145
30  3.51763
30  2.89117
30  2.96813
30  3.42741
30  3.33632
22  4.25864
22  4.21681
30  4.91089
22  2.58161
22  1.52962
30  0.635343
22  0.594135
22  1.27046
23  1.93935
50  2.66867
51  3.07242
51  4.00882
51  5.47863
51  6.90785
51  6.46359
51  5.53833
51  4.57982
51  5.61312
51  4.73133
51  4.31771
51  5.91026
19  5.23571
51  4.69404
51  6.94339
51  6.25306
19  3.95762
51  3.42254
23  3.34867
23  4.25942
22  4.68
22  3.72451
22  4.81294
20  4.69818
20  6.00236
20  3.47801
20  2.7284
20  2.69985
23  3.35155
23  2.98145
22  4.27715
23  4.62633
51  4.83749
51  5.34544
51  7.1004
51  5.43603
51  5.47515
51  5.87751
51  6.764
51  7.8745
51  9.62697
50  6.46562
50  5.4987
50  4.48443
58  3.63098
58  3.14896
50  2.76035
18  2.20277
58  1.85705
18  1.92724
50  1.85325
58  1.90954
18  2.18307
50  2.52245
16  2.30892
16  3.48728
20  3.79549
16  3.75421
20  3.85516
20  5.1102
20  6.44469
20  5.78197
20  7.9997
20  10.1144
20  6.80262
20  5.17284
20  1.85801
20  0.997287
20  1.41752
16  2.11215
18  1.67078
50  1.76632
18  0.679405
50  0.712526
2  0.571147
18  0.912167
50  1.40202
22  1.88074
30  1.85521
22  2.77391
22  2.906
30  3.98836
20  4.63065
20  5.31365
20  6.89754
20  4.01883
22  3.97873
22  2.76775
20  1.91214
20  1.68138
22  2.21548
22  2.61438
55  2.72045
22  4.7564
55  4.82418
55  5.00709
51  5.37536
51  7.90077
51  8.44269
51  8.82871
51  6.97704
51  7.58108
51  7.35117
51  8.50094
51  9.45829
50  6.24386
50  5.27842
50  4.58667
50  3.64422
58  2.98243
50  2.77553
18  2.9856
50  2.91529
58  3.29458
48  3.65944
16  3.94545
16  4.36958
22  5.52505
20  6.76815
20  5.92585
20  7.38792
20  9.40907
20  11.5006
20  7.90254
20  3.6217
20  1.82526
20  1.35526
20  2.21584
54  2.22768
22  1.37183
22  2.05993
50  2.06362
58  2.23708
58  2.48967
50  3.62663
50  4.26865
34  5.64325
50  6.06777
50  3.67523
50  2.77107
50  2.13069
50  1.46181
50  1.14478
50  1.37824
16  1.81051
48  2.36715
16  2.55178
20  3.06315
20  4.75719
20  5.01859
20  6.08782
20  3.93386
20  4.54229
20  4.78364
20  5.97035
22  8.42908
22  4.26864
22  3.54285
22  2.90499
6  1.88549
22  1.25414
54  0.976326
22  0.555862
6  0.464276
22  0.412067
54  0.416006
22  1.07556
54  1.32843
54  1.58287
50  2.34522
55  2.66663
50  3.22805
50  3.92741
51  3.83104
51  4.87333
50  6.52022
51  5.90884
51  7.02938
51  4.25876
51  5.3652
51  4.03684
51  3.33006
51  3.44292
48  4.84904
48  4.85479
48  5.17469
16  3.04879
16  2.65252
20  2.60954
20  2.59876
20  3.08131
20  4.26215
22  5.34387
22  5.34657
22  6.70058
22  8.83464
6  6.21821
22  5.44733
22  4.58965
6  3.8979
22  3.25313
22  2.81805
54  2.71001
6  2.00082
22  1.69763
54  1.75008
6  2.10767
54  2.08236
22  2.1266
55  2.24118
54  2.92861
55  2.91785
55  2.47749
55  2.82655
55  4.2169
55  4.07706
55  4.13883
55  6.18196
51  6.23026
55  6.58503
55  3.69119
55  2.56375
55  1.83314
55  1.33236
55  1.11613
55  1.48992
55  2.50954
22  2.95752
54  1.74487
62  1.89209
58  1.8225
50  2.12784
50  2.43028
50  2.56609
50  2.16826
50  2.63842
34  3.09385
50  4.07801
50  3.86583
51  4.02141
50  4.5756
50  6.77915
51  6.25275
50  7.9495
51  6.93671
51  4.20496
51  3.54328
51  3.01958
51  3.12457
48  4.27683
48  4.21581
48  2.32585
48  2.18481
20  2.22352
20  2.33169
20  2.99451
20  3.95798
20  5.34368
20  7.27485
54  9.43238
22  11.7951
6  8.32305
6  7.28043
6  6.2689
22  5.44546
6  4.50396
6  4.02129
6  3.43117
6  2.83525
54  3.08077
6  2.70549
6  2.12919
22  2.47415
22  2.25531
22  1.8963
22  1.81096
54  1.7936
6  1.65876
54  2.37245
6  2.58766
54  3.10909
55  3.08384
55  3.56078
55  3.79606
55  3.99453
55  4.59736
55  4.47476
55  6.45429
55  6.0617
55  3.42706
55  2.40521
55  1.82533
55  1.68691
55  1.98957
55  2.73304
6  3.35156
6  3.899
6  4.88757
6  6.31751
6  8.18925
6  10.5033
6  13.2603
6  11.1522
6  10.0203
6  9.26915
14  8.44471
6  7.55779
6  6.92632
6  6.23174
6  5.78285
22  5.3833
6  4.78787
22  4.73198
30  4.49863
22  4.25507
20  4.07405
20  3.9171
20  3.46709
20  3.6983
20  3.53643
20  3.60021
52  3.80296
52  3.91932
20  4.09598
20  4.28963
20  5.10163
20  5.0747
52  6.80037
20  6.66564
20  3.55314
52  2.46534
52  1.88299
20  1.78924
52  2.16981
52  2.67086
52  3.3013
54  4.14254
34  4.80949
34  6.18668
34  7.0863
34  8.66075
34  7.5634
34  6.68427
34  6.03131
34  5.51335
34  5.63638
34  5.13352
34  6.8273
34  6.35197
50  5.9155
35  5.58017
34  7.45516
35  6.85435
55  10.0572
55  8.92156
55  8.53513
55  5.72118
39  4.05221
39  2.5777
55  1.73954
55  1.50267
55  1.81591
38  1.74028
54  0.600465
54  0.839699
38  0.803321
38  0.646889
54  1.20949
62  1.84155
54  2.1915
55  2.28092
55  2.30815
52  3.74368
53  3.70121
55  4.38048
53  4.1829
53  5.71056
53  7.8016
53  4.80467
53  3.55571
53  3.07449
55  5.15893
52  4.98704
52  4.97112
52  5.25539
52  5.25118
52  2.86995
60  1.75978
52  0.875403
52  0.634906
52  0.699743
60  0.693707
52  1.258
54  1.82506
6  2.22758
38  3.07563
34  4.18748
34  5.35245
34  6.98059
34  8.25443
34  5.79887
34  4.80371
34  4.53628
34  3.5663
34  2.7367
34  2.46023
34  2.85605
34  2.38177
34  2.3312
38  3.68035
55  3.5145
55  3.43998
55  3.2302
55  4.96704
55  5.28045
55  5.32088
53  8.12775
55  8.85609
53  7.97108
53  5.37043
53  5.03005
53  4.07526
53  5.23751
53  4.7105
52  5.49753
52  5.71518
53  7.68369
53  4.70223
53  3.55242
52  2.79545
53  2.1998
53  1.97221
52  1.99588
52  2.4112
32  1.94576
32  4.05007
32  3.69547
32  4.02008
34  4.24247
34  4.48752
34  6.67892
34  6.90641
34  7.78611
34  6.86911
34  5.3157
34  6.15305
34  5.65189
34  7.17399
34  7.69166
38  4.58479
38  3.47908
38  2.44331
6  1.79748
38  1.1045
38  0.800178
38  0.814405
6  1.1941
38  1.37129
54  1.92984
39  2.63061
52  3.02331
52  3.88067
53  4.19733
53  5.35683
53  2.97279
53  3.35
53  2.55902
53  2.51091
53  2.02183
52  2.90355
53  3.0277
32  2.92287
36  5.08879
32  5.0055
32  4.94295
32  5.0726
34  7.86496
34  7.97252
34  7.83016
34  8.13928
34  10.9379
34  11.8913
34  8.97323
34  9.13936
34  7.95982
34  9.33498
38  9.04324
34  6.19488
38  5.63157
34  4.48162
34  3.8903
38  3.8686
39  3.52077
39  3.31064
39  4.97242
39  5.13812
53  5.37566
53  5.65828
53  8.07296
53  8.73343
53  10.0744
53  4.44559
53  2.50944
53  1.59547
53  1.1146
52  1.9271
36  2.33608
36  1.4502
38  1.68076
38  2.13973
38  2.25469
38  2.55783
38  3.10713
34  3.66763
34  4.74411
38  5.55445
34  3.00522
34  1.99434
34  1.79363
38  1.57135
38  1.98071
39  1.9679
39  3.62416
39  3.94328
53  4.31684
53  4.92343
53  7.42787
53  5.69942
53  5.72416
53  6.6369
53  3.9935
36  3.26074
52  2.64996
52  2.41109
52  2.07287
52  1.65523
52  1.61192
53  1.84565
36  1.87739
52  1.84128
36  2.16488
48  2.1217
52  3.12694
32  2.6924
32  2.9024
32  4.62354
32  4.34205
32  4.29415
32  6.67362
34  6.58775
32  6.73102
32  3.96464
34  2.98644
32  2.2541
32  1.76356
32  1.70116
32  2.2578
36  2.98717
36  1.86547
36  2.15164
6  2.10359
38  2.16694
38  2.84105
38  3.07186
38  2.89592
38  3.24593
38  4.43737
34  4.71918
38  5.03836
34  4.73591
46  6.76244
34  8.61958
34  7.45224
34  4.85427
34  4.03577
34  3.7876
32  6.26013
38  6.26746
38  6.40363
38  6.93224
38  7.99825
6  6.33828
46  6.4899
46  6.56495
46  6.21842
6  6.29276
38  5.78427
38  5.85671
46  6.20366
46  6.37935
46  6.73352
46  6.69109
38  7.42947
46  4.29298
46  2.54301
38  1.77177
38  1.92157
39  2.32732
39  3.11498
53  3.80348
53  4.51123
53  5.76846
53  7.27345
53  6.50812
53  5.99365
53  7.26387
53  6.53885
53  6.02154
53  2.8051
53  1.55752
37  0.81643
53  0.480863
37  1.00392
4  2.12698
36  2.80252
38  3.8966
46  4.8669
46  6.36624
46  5.14829
46  4.91486
46  4.52388
38  4.93859
46  4.46794
46  4.40187
38  4.70772
46  1.60965
46  0.601571
38  0.497635
46  0.618714
38  1.66817
36  2.39942
52  3.59213
53  4.74399
53  6.94937
53  9.30463
53  8.09316
53  8.39149
53  8.08841
53  8.38936
53  8.5377
53  5.4033
37  3.69561
53  2.38106
53  1.85241
37  1.96324
60  2.43979
60  2.61705
60  3.24177
60  4.00279
44  5.44993
44  7.41264
44  5.4137
44  5.03705
60  4.52411
60  3.93249
46  4.07637
46  3.5673
46  4.15218
46  3.43695
46  3.42682
46  3.97501
46  3.82975
38  3.95293
32  4.10492
32  3.71578
32  4.0949
32  4.7204
32  4.91454
32  6.64102
40  6.40304
32  5.82972
32  3.02887
32  1.89345
32  1.29529
32  1.07189
40  0.778758
32  0.959537
32  1.72391
36  2.28532
36  3.30908
44  4.40879
44  2.64372
60  1.99451
60  1.92286
60  1.81643
60  1.70354
60  1.42428
36  1.55414
4  1.68189
61  1.82838
53  2.07123
53  2.18368
53  2.53181
37  2.54821
37  3.14241
53  3.44009
37  4.88744
37  4.93445
53  6.15957
53  6.40899
37  8.36192
37  5.24319
53  3.58551
33  2.4313
33  1.76247
33  1.73799
37  2.06795
37  2.56724
39  3.07303
47  3.80068
38  5.15856
46  5.49278
46  3.98844
46  4.35817
46  4.96902
46  6.04037
46  7.60247
44  9.37651
44  6.2878
44  5.04902
60  3.98689
60  3.52467
44  3.1547
36  2.50075
60  2.14915
44  2.17677
36  2.00764
60  2.19077
36  2.45192
36  2.77806
32  3.31155
53  3.46017
37  4.43097
37  4.34992
53  5.61168
33  5.3398
33  6.28868
33  8.45512
33  7.83495
33  7.45295
33  5.46317
33  3.9943
33  3.26624
33  4.80902
33  4.28621
33  4.33264
47  5.10059
39  6.4061
47  6.48797
47  6.75654
46  9.15469
46  9.1434
46  9.41747
46  10.4716
46  8.36545
46  7.75282
46  8.30201
46  8.08454
46  9.0771
46  10.2523
44  8.55296
44  6.32706
44  5.65558
44  4.66229
60  4.1324
44  3.77133
36  3.84566
44  3.93957
60  4.08849
36  4.58594
32  4.81486
33  5.31256
33  5.6988
33  6.16927
33  7.2669
33  7.0985
33  8.61904
33  7.35907
33  5.53338
33  4.48403
33  5.31982
33  4.58258
33  4.56563
33  4.07189
33  4.4222
33  5.63753
47  5.90988
47  5.9121
47  7.97504
46  8.2951
46  8.32464
46  8.36147
46  10.9294
46  11.1518
46  12.2325
46  9.42313
46  9.35576
46  8.50254
46  9.33301
46  9.25171
46  11.0078
44  6.84207
44  5.90585
44  5.20666
44  4.53223
60  4.11397
44  3.98231
40  4.27032
32  4.23859
32  5.50286
33  5.68172
33  5.93854
33  6.12215
33  6.81454
33  8.43147
33  9.47328
33  8.63643
33  4.63442
33  3.07266
33  2.94145
37  1.79695
37  1.69024
61  1.80034
61  1.37701
37  1.49109
37  1.99424
45  2.15178
61  2.51051
44  3.00008
44  3.28353
44  4.36575
46  4.42546
46  4.75727
46  5.56886
46  3.28045
44  3.42893
44  2.99565
40  2.68282
40  2.63058
40  3.97687
40  4.25001
33  4.74229
33  5.12284
33  7.42027
33  8.15177
33  6.48767
33  2.90037
33  1.8773
41  1.29172
33  1.75081
45  1.99011
45  0.77492
45  0.959633
45  1.34488
44  1.78739
44  1.84333
44  2.39104
44  2.72925
12  3.09892
44  4.139
46  3.94782
12  5.55515
44  7.04276
46  6.11773
46  8.29096
46  5.39658
46  4.34282
46  1.86543
44  1.87705
44  2.09889
44  1.32516
44  1.93401
5  2.20692
37  2.83354
37  3.95493
53  5.4052
37  7.22085
33  9.00335
33  7.56221
33  6.27314
33  5.41306
33  4.589
33  4.15407
33  3.9834
33  3.13713
33  2.7839
33  2.751
33  2.66725
33  2.23866
37  3.58361
41  2.99653
33  2.69395
33  2.66431
33  4.06809
41  3.75665
33  3.92469
47  5.59498
39  5.16471
47  4.87043
47  7.00378
47  6.8818
47  4.248
39  3.0801
39  2.03647
47  1.60033
47  1.71392
45  2.26821
37  2.24355
37  0.839656
45  0.998369
61  1.07382
45  1.04674
37  1.31255
45  1.45009
45  1.59313
47  2.05557
47  2.50401
47  2.84121
47  2.93919
47  2.89553
47  4.20593
47  3.80507
47  4.10842
47  5.35548
47  5.55256
47  7.74872
46  7.35257
47  8.1998
47  5.01869
47  3.36242
47  2.19352
47  1.50774
47  1.30095
47  1.56917
47  2.30852
61  3.30537
61  3.8431
37  4.64573
37  5.84177
61  3.90381
61  3.54066
45  3.12496
61  2.509
45  2.35657
61  2.10936
61  1.81654
45  1.82924
61  1.68986
45  1.88496
45  1.9522
61  1.93446
45  2.28852
61  2.63359
44  2.74789
47  3.13726
47  3.38666
47  3.81722
47  3.98415
47  4.04431
47  5.11297
47  4.88657
47  5.88887
47  6.72518
47  6.93095
47  8.73172
47  5.88205
47  4.49018
47  3.54934
47  3.06024
47  3.02375
47  3.44087
13  4.28723
13  4.62673
13  5.41147
45  3.90018
61  3.55009
61  3.33904
45  3.25129
61  2.97591
45  3.15907
61  3.27661
45  3.23235
41  3.60743
41  3.83553
41  3.55767
41  5.15734
33  4.90218
41  6.13957
41  5.71782
41  5.9706
41  6.74505
43  6.43325
41  8.20361
43  5.84905
40  4.4591
40  4.88818
40  4.01101
40  3.82614
40  1.75398
40  1.4112
8  1.14744
8  1.13349
8  1.67438
40  2.80739
45  4.1282
5  5.39769
13  6.90521
13  8.79747
5  8.47738
5  9.89821
29  7.97385
5  6.79995
29  5.78383
5  4.58589
5  3.69676
5  3.12345
13  2.77742
13  2.05362
5  1.33048
5  1.10342
5  1.30178
5  1.03945
5  0.601472
45  0.691985
5  0.829751
5  0.987877
13  1.39224
45  1.67983
5  2.11999
41  2.18143
41  2.72711
33  3.19044
41  4.20183
43  4.15364
33  5.69136
43  5.60834
43  6.99469
43  4.24544
43  3.23711
43  2.78934
43  2.53372
43  2.88263
41  4.31464
40  4.41176
8  4.74398
12  5.33809
12  7.2234
12  5.51456
12  5.40882
12  5.67212
12  6.27758
12  7.49997
13  7.93877
13  6.06937
13  5.12153
13  4.51323
13  3.76621
13  3.28425
13  2.90528
5  2.84548
45  2.79023
15  2.71055
47  2.87934
47  3.47494
15  3.16886
47  3.20101
47  4.9962
47  5.20725
43  5.05842
47  6.23848
43  3.51879
43  2.41043
47  3.3043
43  3.11079
43  3.26702
41  4.91351
41  5.05755
41  4.36413
41  5.05449
33  5.52953
33  6.33972
41  7.34518
33  8.90557
33  5.5853
33  4.0906
41  3.31916
41  2.16261
41  1.43963
1  0.609465
41  0.513153
41  0.71293
1  0.884659
41  1.8094
13  2.22666
13  2.64325
13  3.46247
13  4.50472
13  5.5704
12  3.52924
13  3.24856
13  2.66814
13  2.41568
13  2.47871
13  2.81707
45  3.00553
15  2.64799
47  2.92016
47  5.09444
43  5.1581
47  5.87016
43  5.304
43  7.91206
43  8.87002
43  10.9209
43  7.50154
43  3.4109
43  1.77335
43  1.43901
41  1.98699
9  0.288763
41  0.752951
41  1.48286
13  1.84395
13  2.21757
13  2.50236
13  3.35552
12  3.62616
12  5.21922
12  5.75947
12  7.24163
12  4.20781
12  4.46942
12  3.05088
12  2.54369
13  3.80602
13  3.5323
15  3.34137
15  2.91909
47  3.15096
15  5.36192
43  5.55035
43  5.83558
43  3.67292
43  3.30609
43  3.38134
43  3.68279
43  5.3867
43  5.81189
41  5.52742
41  7.41723
41  4.9473
57  3.71792
41  2.9776
41  2.21966
41  1.74985
57  1.46388
41  1.18373
41  0.946368
41  1.3604
9  1.63509
9  1.62602
40  2.06935
8  2.12013
13  3.67681
13  3.79264
12  3.62724
12  3.97787
12  5.99099
12  7.32392
12  6.25715
12  8.00906
12  4.92925
12  3.96379
12  4.83264
12  4.34917
12  4.79609
13  6.40266
13  6.79117
13  6.768
13  7.02075
29  7.88579
29  4.85669
29  3.59643
29  2.44453
29  1.54703
29  1.04565
45  1.11148
45  1.49398
1  2.08911
41  2.61534
41  3.28986
43  4.40164
41  5.81163
43  6.73787
43  8.31738
43  10.6889
43  9.28875
43  7.49761
43  6.63064
43  5.81882
43  6.00809
43  4.90294
43  4.45241
43  3.94978
43  4.31083
43  4.02633
43  3.72547
43  5.04574
43  4.44609
43  4.45875
43  6.39669
43  6.04566
11  5.87195
11  8.44354
8  8.23282
42  7.62846
10  7.16741
8  10.2021
42  10.1588
40  6.93377
8  5.30823
8  4.32785
8  3.5796
40  3.13779
8  3.00635
9  3.48719
41  2.15765
41  2.30804
9  2.69031
9  2.85694
9  3.23924
8  3.35819
8  3.71443
8  4.06958
8  4.44185
13  5.88238
8  5.84158
8  5.61124
12  5.91099
12  7.38134
12  7.03581
8  5.56616
8  4.30729
8  3.50931
8  3.26688
8  3.57314
8  4.33729
41  5.04788
9  5.52987
9  4.19857
1  4.03017
13  4.23932
13  4.29545
9  4.67534
1  4.58739
13  4.72503
13  4.80201
13  4.46464
13  4.68491
29  5.8303
29  5.85686
13  6.83275
13  6.88675
13  7.66015
12  7.34733
13  9.00679
12  8.33955
12  7.77296
12  9.84677
12  7.2181
15  6.1726
15  7.00029
15  6.29139
15  3.59057
15  2.56332
15  1.82817
15  1.54963
47  1.52686
43  1.888
43  2.57251
43  3.54818
43  5.01976
43  6.98536
41  9.04153
57  11.1748
57  13.8738
57  17.0783
57  13.6568
57  12.6192
57  11.683
57  10.6005
49  9.96437
57  9.13518
57  8.19278
57  7.15798
57  6.51802
57  6.17893
57  5.46969
57  4.96254
57  4.78563
57  4.47061
9  4.13378
57  3.54734
57  3.48802
57  3.67491
57  3.48602
9  4.08066
57  3.98886
43  3.81024
43  4.44582
43  3.74363
43  3.70449
43  4.7228
43  4.49434
11  6.34595
43  5.9662
43  6.11372
11  7.65351
10  7.55256
10  9.01121
11  6.34293
43  5.04288
11  4.29308
10  4.21785
15  4.71632
11  5.67811
29  6.15608
29  6.52964
29  7.83682
29  8.74866
29  7.53816
29  4.7963
13  4.37625
29  4.419
9  5.20059
9  5.8025
9  7.38357
57  6.03735
57  5.81123
9  6.05897
43  5.9991
43  5.68571
43  6.50658
43  6.14583
43  6.59502
11  6.92576
43  7.89536
43  7.73587
11  9.57522
10  9.20057
42  6.28277
42  4.67112
43  5.35667
11  4.38949
11  4.08176
11  4.48241
15  4.93017
25  6.03252
29  6.6082
29  7.04643
29  8.79126
29  9.53304
29  8.42078
29  8.83074
29  6.2991
29  5.93874
25  6.04222
25  4.36036
9  4.21424
57  4.02855
25  3.70532
9  3.76509
57  3.97378
9  4.18191
25  4.43096
8  4.12959
8  4.89288
10  5.35396
8  5.5873
10  5.55988
10  6.82428
8  8.76867
10  7.66937
10  4.94677
10  6.65786
10  5.51843
10  4.96701
10  5.23814
11  7.28481
11  7.4283
11  6.4823
43  7.04848
43  4.19986
43  3.19562
11  2.67693
43  1.88989
43  1.64481
59  1.73877
27  1.91382
57  2.32582
57  2.26857
25  2.91353
25  3.65484
25  5.00735
25  6.32946
25  4.10756
25  3.21733
57  2.72644
25  1.83509
25  1.51284
25  1.41208
25  1.06593
57  1.21304
25  1.36227
8  1.53062
8  2.03079
8  2.89159
8  2.84026
10  3.18714
10  3.67327
10  4.84261
10  6.3601
10  3.70892
10  3.27211
10  4.38011
10  4.47352
11  6.45976
11  5.33783
11  7.15652
11  4.45994
3  3.14288
11  1.68354
11  1.08537
11  0.745287
11  0.372674
11  0.539931
27  0.599912
11  1.14076
59  1.70212
9  2.0897
25  2.62834
29  3.24149
29  3.96016
29  5.13545
29  6.10664
29  3.57104
29  4.02943
29  3.33035
29  2.54909
29  2.20958
25  3.45001
25  3.4176
8  3.0597
24  2.98161
8  3.55343
8  5.45371
10  5.50094
10  6.50494
10  3.67727
10  3.92432
10  3.07097
10  4.18375
10  4.15216
11  5.97729
11  5.62139
11  6.99822
43  9.08843
11  6.44279
11  4.58781
11  3.74817
11  3.43124
11  2.43548
11  1.42616
11  1.38439
27  1.55116
11  1.33469
27  1.11805
11  1.70585
31  1.64569
27  2.98302
31  3.11143
31  3.28428
29  3.38349
29  5.13601
29  5.78229
29  5.39384
29  6.32427
29  8.85962
29  10.5779
29  7.03348
29  2.9756
29  1.48505
29  1.39149
25  2.55866
25  1.93877
11  2.56462
10  3.11973
11  4.05336
10  4.6497
10  5.91836
10  3.52426
10  3.90063
10  3.4423
10  2.57365
10  2.69837
10  3.53941
10  2.91042
10  3.12758
11  5.05114
26  4.80668
31  4.62403
31  4.55585
31  6.49161
31  6.4317
31  6.42225
31  4.09882
15  3.31096
31  2.92524
31  2.96696
15  3.38039
27  4.06747
11  3.2065
25  3.43405
25  3.62709
25  4.46155
25  4.07893
25  4.64159
25  5.72612
25  5.85618
25  6.19236
29  7.60745
29  7.24592
29  8.31596
29  10.3598
29  7.1317
29  5.67437
29  5.14863
29  4.76295
25  5.86833
24  5.25011
24  4.92748
8  5.32208
26  7.97731
10  8.05438
10  5.74527
10  4.76116
10  4.51435
10  4.65859
10  5.20475
10  5.95309
10  8.1645
10  6.39615
10  5.0384
10  4.68812
10  4.06244
10  3.46419
10  3.01524
10  3.31788
10  2.56783
10  2.35649
10  3.2406
10  2.72446
10  2.30428
10  2.55499
26  3.34855
10  3.21301
10  5.18846
15  4.75914
31  4.43653
14  4.51403
31  6.22814
15  6.01047
31  5.83688
31  7.98508
31  7.93127
31  5.15466
31  3.7258
15  2.62071
31  1.74157
31  1.46681
31  1.71364
27  2.48188
11  2.70137
11  3.14118
11  1.77129
59  1.5636
59  1.40122
27  1.55569
59  1.57558
27  1.34524
11  1.37432
27  1.51906
59  1.61761
27  2.1152
27  2.53219
27  2.86955
31  2.96774
31  4.22277
31  4.00707
31  3.81432
31  3.85692
31  5.1129
31  4.9209
31  7.09798
31  6.65925
31  3.86591
31  2.69764
31  1.98827
31  1.73491
31  1.93486
31  2.51631
11  3.22221
11  3.72277
11  4.61786
59  2.94617
59  2.41763
27  2.25752
59  1.96836
59  1.79293
27  1.78787
59  1.60534
27  1.84393
27  1.94859
27  1.91523
27  2.30677
59  2.55914
27  2.88729
31  2.95873
31  3.6691
31  3.3703
31  3.72493
31  4.29138
31  4.38446
31  5.84721
31  5.65116
31  3.17076
31  2.30698
31  1.8924
31  1.92822
31  2.41575
31  3.35645
59  3.79174
59  4.52088
59  5.70833
59  7.3561
59  6.13508
59  5.78089
59  5.20527
59  4.65022
27  4.41588
59  4.02736
59  3.92791
27  3.92729
59  3.72788
26  3.59144
26  3.66459
10  3.90803
10  4.14988
10  4.34555
10  4.37439
26  4.95167
26  5.03404
26  5.74709
26  3.32132
26  2.27009
10  1.60783
26  1.63536
24  1.85794
24  2.46462
16  3.53594
17  3.88074
17  4.8622
17  3.47988
17  3.30416
17  4.15118
17  3.75351
17  3.485
25  4.9291
17  4.45961
17  4.30788
17  6.2531
31  5.91683
31  5.68545
31  7.77511
31  7.6891
31  5.1031
31  3.53747
31  2.62793
31  2.2742
31  2.53488
19  2.84774
27  1.48855
27  1.94146
59  2.45649
19  2.5597
27  2.878
31  3.1972
26  3.65768
26  4.09179
31  4.55434
30  4.57452
30  5.61102
31  7.65865
30  6.83137
30  8.79891
30  5.89158
30  4.68019
30  4.16853
24  5.18903
24  4.48296
24  7.16468
24  6.86071
16  6.76481
16  7.32958
17  9.96072
17  10.329
17  7.83019
17  6.76434
17  6.12084
17  6.02547
17  6.16988
17  7.05425
17  7.97009
19  9.05237
19  6.8041
19  5.67918
19  4.67839
3  3.96581
19  3.06496
19  2.56623
17  2.38104
27  1.89198
19  1.52257
27  1.8474
23  1.80345
19  2.03319
31  2.20774
23  2.20254
31  2.52106
31  3.73995
31  4.20532
30  4.27355
30  6.17737
30  7.50825
30  4.49341
30  3.56151
30  4.57424
30  4.10517
30  4.56818
26  4.23323
26  6.28982
26  6.52127
26  4.05295
26  2.62584
26  1.64856
26  1.39928
58  1.1272
26  0.952775
26  1.20897
18  1.39411
24  1.95116
16  2.86024
19  3.22726
17  3.42787
17  3.78898
17  5.67433
17  6.07283
17  6.97312
17  8.72892
17  7.73929
17  5.75733
17  4.93456
17  6.2744
17  5.41793
17  4.5482
17  4.45098
17  6.95654
31  6.41887
23  5.92595
31  5.97797
31  9.00049
31  9.0339
30  9.21179
30  6.43462
30  5.29524
30  4.67106
30  4.24427
30  4.5936
30  4.90159
26  4.46676
26  5.76014
30  6.46528
30  7.7536
30  5.29201
30  4.78156
30  3.81955
30  3.34103
30  2.64624
26  2.78381
30  2.86032
16  2.47939
18  3.73546
24  3.5787
24  3.29032
16  3.23517
16  5.6333
16  5.84322
17  5.75084
17  5.74552
17  8.50861
17  9.13043
17  6.37589
17  6.22738
17  5.25744
17  6.24563
19  6.15513
17  7.13838
17  4.03532
17  2.93564
19  3.20583
19  2.74116
19  2.61977
23  2.30537
23  2.17124
23  3.4586
