32  0.949219
44  4.42578
44  10.4961
37  21.2773
37  35.8789
45  54.75
37  77.8906
37  104.379
37  135.406
37  171.668
37  206.113
37  246.742
37  291.164
37  339.051
37  392.297
37  448.992
45  508.457
37  572.984
45  641.332
37  712.652
45  788.848
37  869.215
45  951.969
45  1038.78
45  1129.21
45  1224.84
45  1321.39
44  1371.88
44  1346.56
44  1320.96
44  1296.73
44  1271.45
44  1246.5
44  1223.32
44  1199.23
44  1173.49
44  1148.52
44  1122.5
44  1097.29
44  1071.98
44  1049.34
36  1025.7
44  1002.86
45  980.18
45  959.375
37  937.828
37  916.895
37  896.668
37  877.316
37  853.754
37  831.559
37  809.801
37  788.426
37  766.363
45  745.754
37  725.281
37  705.383
37  685.715
37  664.449
45  645.574
37  626.902
45  607.707
37  588.895
37  570.367
45  553.336
37  535.496
45  517.242
45  501.273
37  482.086
45  465.949
37  451.121
45  434.621
44  419.457
44  403.086
37  389.219
45  374.953
36  381.664
45  381.742
45  368.973
37  354.277
45  339.953
44  325.965
44  311.738
45  298.852
37  284.414
45  288.363
61  291.684
45  277.75
45  265.32
45  252.961
45  240.742
44  228.59
44  216.227
45  205.496
37  193.047
45  195.855
61  198.141
45  186.598
45  177.516
44  167.359
45  157.27
37  146.453
45  136.973
45  137.957
5  138.258
45  128.902
37  120.785
45  112.191
45  104.398
45  97.418
44  90.5859
45  85.9805
36  86.0898
13  84.1719
45  76.0703
45  69.9648
37  63.9922
45  58.207
45  53.4258
37  48.8672
45  47.9258
13  46.8438
61  42.3125
45  38.4688
45  35.3789
45  33.0234
45  31.0664
45  29.7422
61  27.6875
53  25.5547
45  23.9375
45  22.3516
5  21
5  19.6836
28  18.2305
28  17.7188
5  16.9219
5  16.9609
5  14.2383
5  13.1758
21  11.9688
5  10.8125
5  9.55078
5  8.54688
5  7.80859
5  6.875
5  5.96094
5  5.3125
13  4.69531
5  4.01953
5  3.49609
13  3.02734
5  2.37891
5  1.79688
45  1.73828
5  1.17188
5  0.992188
5  1.12891
5  0.734375
45  1.17969
5  1.16797
45  1.64063
45  1.88672
5  2.04688
45  2.89844
47  3.16406
47  3.05078
47  4.05078
47  3.67969
47  4.03516
47  4.97656
47  5.19141
47  6.61719
47  8.14063
47  7.71094
47  4.83203
47  3.62109
47  2.94531
47  2.77344
47  3.07422
47  4
33  4.77734
33  5.57813
45  6.79688
45  8.20703
5  6.75
33  6.27734
33  6.21094
33  5.8125
33  5.95703
41  5.96875
41  6.19141
33  5.83594
33  6.26953
33  6.73828
33  3.71484
33  2.47266
41  1.82422
1  1.23438
1  0.949219
41  1.77734
45  2.31641
5  2.33203
13  3.08594
13  4.11719
13  5.64063
29  7.62891
13  5.56641
13  5.04297
5  4.04688
13  3.3125
13  2.75391
5  2.36719
45  2.04688
13  1.75391
13  1.62891
5  1.68359
45  1.91406
15  1.88672
47  1.80469
47  2.35156
47  2.69141
47  2.56641
47  4.1875
47  4.26563
43  4.41797
43  5.09375
43  6.73828
43  4.11719
43  3.29297
47  3.80859
43  3.46484
43  3.70703
41  3.27734
41  3.61719
41  5.04297
43  5.57031
41  3.19531
41  2.08203
41  1.64063
41  1.32031
41  0.980469
41  1.30859
40  1.85156
8  2.35156
40  3.43359
12  3.57422
12  4.13281
12  2.57031
12  3.09766
12  3.49219
12  4.39063
12  6.34375
13  7.50781
13  7.25391
5  5.01172
5  3.98438
13  2.88281
13  2.38672
13  1.62109
5  1.04688
13  0.890625
45  0.832031
5  0.996094
5  1.10156
45  1.67969
41  2.3125
41  2.44141
41  2.66016
41  3.51953
43  4.06641
43  5.20313
43  6.60547
43  8.63281
43  5.21094
43  3.625
41  3.87109
43  2.57422
43  1.94141
41  2.98828
41  3.07813
9  3.07031
40  2.98047
40  3.19531
40  4.97656
40  5.23828
12  5.39063
12  5.83984
12  7.96484
12  8.72266
12  6.66016
12  6.49609
12  6.62109
12  7.13281
12  8.26172
13  8.38672
13  6.40234
13  5.125
13  4.10938
13  3.41406
13  3.01953
45  3.02344
13  3.02734
5  3.38281
15  3.61719
47  3.74219
47  4.21875
43  5.52734
43  6.35547
43  6.00781
43  7.11719
43  9.45313
43  11.0664
43  5.33984
43  3.15234
43  2.25781
43  2.53125
41  0.773438
41  0.855469
9  0.925781
41  1.21484
1  1.57031
9  2.51563
13  2.80469
13  3.32422
13  3.88281
13  4.69922
12  5.71094
12  5.72656
12  6.89063
12  7.71484
12  9.57031
12  6.35938
12  6.75781
12  4.97656
12  3.91406
12  3.76563
15  4.875
15  4.33594
47  4.12891
15  6.74219
47  6.82813
43  6.89453
43  4.80078
43  3.75781
43  3.47266
43  3.66406
43  3.80078
43  5.09766
41  5.29297
41  6.92188
43  8.25391
43  6.91016
43  5.42188
43  4.45313
43  3.82813
43  2.92188
43  3.07813
43  2.61328
43  1.89844
43  1.99609
9  2.51172
43  2.20703
43  2.37891
9  3.46484
40  3.52734
8  3.33594
9  5.72266
40  5.45703
8  5.19141
8  5.34375
8  5.64844
8  7.95313
12  7.67578
8  5.81641
8  4.78125
12  4.13672
8  4.24219
8  4.22266
13  4.90625
13  4.09375
13  4.16797
13  4.49609
29  5.44531
13  5.42969
13  5.78125
29  7.12891
13  7.95313
12  7.69922
12  5.03516
13  5
15  4.20313
15  3.26563
15  5.11719
15  4.875
47  5.03125
43  5.80469
43  7.69922
43  8.42578
43  6.59766
43  6.01563
43  6.05859
43  6.86719
43  3.92188
43  3.19922
43  3.13672
9  1.67578
41  1.55078
41  1.05469
1  0.617188
9  0.660156
1  0.777344
9  0.472656
41  0.46875
9  0.625
1  0.78125
9  1.10938
8  1.71094
9  1.94922
41  2.16797
8  1.82813
8  2.30859
8  2.89063
8  3.28906
8  4.85156
8  5.10938
8  4.76172
8  2.18359
8  1.29297
8  0.910156
8  1.0625
8  1.34766
40  1.91797
9  2.55078
9  3.15234
9  4.25391
9  5.78906
1  3.95703
1  3.60547
1  3.31641
9  2.96094
1  2.30859
9  2.08594
1  1.76563
1  1.51172
9  1.49219
1  1.32031
9  1.61328
9  1.70313
9  1.67969
13  1.90234
29  2.68359
29  2.44141
9  3.03516
8  3.02344
9  3.88672
8  3.47266
8  3.55469
8  4.42969
8  4.28125
8  6.09766
8  5.63672
8  3.00781
8  1.96875
8  1.41406
8  1.28125
8  1.59375
8  2.33594
1  2.97656
1  3.50781
1  4.46094
1  5.83594
1  7.69141
1  5.85156
1  5.03906
1  4.375
9  3.85547
1  3.08594
1  2.81641
1  2.33984
1  1.82031
9  1.73438
1  1.4375
1  1.28516
9  1.34375
1  1.1875
9  1.55469
9  1.75391
9  2.12109
1  2.20703
9  2.63672
9  2.92188
9  3.11719
8  2.99219
8  4.12109
8  3.73828
8  4.03516
8  5.125
10  4.8125
10  7.05469
10  6.21875
8  8.36328
8  5.57813
8  4.27734
8  3.5
8  3.22656
8  3.43359
8  4.14453
11  4.89063
11  6.44141
9  7.51172
9  8.73828
1  7.125
3  6.75
43  7.29688
43  6.67188
43  6.42188
11  6.58203
11  6.41406
3  6.49609
43  7.02734
43  7.45703
43  7.39453
11  8.48438
43  5.19922
43  3.26563
43  2.02734
11  1.625
11  1.47656
3  1.38672
27  2.40625
25  2.75391
25  3.14844
25  4.01563
29  4.68359
29  5.98828
29  4.27734
29  3.62891
25  4.25391
29  3.35156
29  2.53906
29  2.35156
25  3.17969
13  2.72266
29  2.44531
29  4.10938
24  3.83594
8  3.46875
8  3.75
8  5.11719
8  4.60547
8  4.88672
8  6.99219
8  7.375
8  4.49609
8  3.43359
8  3.19922
24  2.95703
8  2.89453
8  3.60547
11  2.74609
11  2.61328
11  4.03516
11  4.12891
11  4.26563
11  4.78125
11  6.34766
11  7.39453
11  4.52344
10  3.33984
10  2.48047
11  2.43359
11  2.09766
15  2.05859
15  2.21484
15  3.15234
15  3.60938
29  3.98438
29  2.24609
29  1.94141
29  2.1875
29  2.91797
29  3.92188
25  5.11719
25  4.85547
25  5.80859
25  7.46875
17  9.23828
25  6.47266
25  4.89844
17  4.12891
57  2.83594
25  2.05859
57  1.80078
25  1.02344
25  0.621094
25  0.617188
9  0.585938
57  1.09375
25  1.22266
8  1.85547
8  2.35938
8  2.84766
11  3.35938
10  4.5
10  4.12891
10  5.95313
10  6.92188
10  9.19141
10  6.32813
10  2.80469
10  1.71875
10  1.89844
11  2.25391
27  1.10156
27  1.19531
11  1.70313
1  1.85156
25  2.17188
25  2.70313
25  3.36328
17  4.39063
25  5.24609
25  6.95703
29  4.05078
29  3.21094
25  2.39844
25  1.86719
25  1.41016
25  1.27734
25  1.32031
25  1.75
8  2.01563
24  2.4375
24  3.39453
10  3.70313
10  3.92188
10  6.14063
10  6.95703
10  8.75
10  5.9375
10  2.81641
10  2.14453
11  2.67578
11  0.898438
11  1.21094
27  1.59766
27  1.60156
27  1.75781
25  2.50781
31  2.75
25  3.42969
25  3.71875
29  3.99609
29  4.30859
29  5.74609
29  7.0625
29  4.05469
29  3.01172
29  3.92969
29  3.34375
29  3.19141
29  3.02344
24  3.27734
24  4.80469
24  5.00781
8  5.67578
10  8.5
10  8.42969
10  9.03906
10  7.81641
10  6.72656
10  7.125
10  7.48047
10  8.28906
10  10.418
11  6.98047
11  6.24219
11  5.28516
3  4.42969
11  3.77344
11  3.20703
11  3.13672
11  2.80859
27  2.45703
11  2.60156
31  2.75391
27  3.07031
31  3.32422
31  2.98828
31  3.08984
31  4.59766
31  4.5
29  4.60156
29  4.81641
29  6.55859
29  8.06641
29  4.6875
29  3.30859
29  2.75
31  3.48438
29  3.49609
25  3.83203
25  2.66016
25  2.94141
25  3.95703
25  4.27344
25  4.4375
25  5.98828
17  3.21875
17  1.86719
25  1.26563
25  1.05078
25  1.30078
25  1.60938
8  2.29688
8  2.68359
10  3.29688
10  4.83594
10  5.80078
10  4.52344
10  5.16406
10  6.57813
10  4.00781
10  4.13281
11  2.57813
3  2.16797
3  1.44141
11  1.42969
11  1.10156
3  0.945313
27  0.667969
11  0.746094
27  0.6875
3  0.722656
27  1.16016
11  1.67969
27  1.875
27  1.97656
31  1.83594
31  3.41797
31  3.34375
31  3.08594
31  3.22266
31  4.67578
29  4.78125
31  5.48047
31  2.66797
31  1.53125
31  0.96875
31  0.9375
31  1.21484
15  1.79688
31  2.54297
27  3.0625
27  4.12109
27  5.68359
59  3.83594
59  3.46484
59  3.22656
59  2.79297
59  2.41016
27  2.41016
59  2.37891
17  2.32422
17  2.5
17  2.18359
17  2.21875
25  2.26563
25  2.39844
25  2.20313
25  2.27734
17  3.02734
17  2.85547
25  4.25781
17  3.99219
25  5.33984
29  5.14063
29  4.66406
29  6.10938
29  3.8125
17  3.55859
24  3.15625
24  2.79297
24  4.86719
10  5.32422
10  5.73828
10  8.36328
10  9.71094
10  8.04688
10  7.94922
10  8.33203
10  5.08984
10  3.72266
26  2.88672
10  2.48438
10  2.98047
3  3.10156
3  3.60547
19  4.77734
3  6.01953
19  8.28516
19  6.57422
51  6.34375
19  5.51172
19  5.03516
19  4.82422
17  4.53125
19  4.71094
17  4.19922
25  4.14063
17  3.8125
17  3.51563
25  3.57813
25  3.48047
25  3.41016
17  3.69922
25  4.30078
31  4.32031
31  5.39844
31  5.05078
29  5.24219
31  6.31641
31  6.41406
31  8.33594
31  5.48047
31  4.12109
31  3.20313
31  2.76563
23  2.38672
19  2.28906
19  2.125
27  0.992188
27  0.878906
3  0.683594
19  1.12109
19  1.15234
3  1.25
27  1.14844
31  1.39063
31  1.78516
31  1.86328
31  2.17578
31  3.20313
31  3.40625
31  3.45313
31  5.4375
31  4.93359
31  2.40625
31  1.58203
31  1.28125
31  1.56641
31  1.9375
31  2.55469
27  3.14063
27  4.16406
59  3.09766
10  3.07031
59  2.99219
26  2.96094
26  3.08203
10  2.875
10  3.29688
10  3.60547
10  4.07031
26  4.21094
10  5.72656
10  5.62109
26  7.33594
26  4.13672
10  2.47656
10  1.20703
26  0.691406
26  0.835938
2  0.980469
26  1.32813
24  2.17578
17  3.08203
19  3.81641
17  4.3125
17  5.19922
17  7.94141
17  9.3125
17  6.91797
17  3.50391
17  2.02734
17  1.58984
17  1.92969
27  2.41406
19  3.54688
27  2.36719
3  2.59375
10  2.55859
26  3.25
26  3.16406
10  3.21484
10  3.65234
26  4.67578
10  5.83594
10  6.06641
26  7.69141
26  4.89453
30  3.75391
30  3.03516
26  2.55469
26  2.34375
26  2.57031
2  2.67969
26  3.13672
24  4.23828
17  4.82031
19  5.37109
17  5.86719
17  6.51563
17  5.44922
17  6.21094
17  7.17188
17  8.46094
17  10.5625
19  12.0938
19  8.42969
3  7.28125
19  6.45313
3  5.11719
19  4.48828
3  3.73828
3  3.26953
19  2.94141
27  3.19141
19  3.22266
3  3.26563
26  3.75
26  4.16797
26  4.41016
10  4.88672
26  5.38672
26  7.17188
30  6.77344
14  8.40234
30  10.1563
30  6.64844
30  4.96484
30  5.77344
30  4.39453
30  3.66406
30  3.88672
30  3.56641
26  4.17578
30  4.23047
24  4.70703
26  5.98047
16  6.14453
16  6.25781
17  6.72656
17  8.42188
17  8.98047
17  6.91016
17  6.96484
17  7.10938
17  7.875
19  8.94531
19  8.41406
19  5.95703
19  5.08203
19  4.31641
3  3.90234
19  3.42578
27  3.44141
23  3.61719
31  3.91797
23  4.58984
31  4.75781
30  5.1875
30  6.65625
30  7.49609
30  7.14844
30  8.22656
30  7.80859
30  6.49609
30  7.85938
30  4.74219
30  3.87891
26  3.78125
26  2.20703
26  1.73047
2  1.40234
2  1.38672
18  1.74609
26  2.05859
2  2.48047
19  2.78125
19  3.04297
19  3.75781
19  4.03906
19  5.19531
19  5.28125
19  6.90625
17  7.36328
19  4.67578
19  3.36719
19  2.6875
19  2.36328
19  1.83984
27  1.8125
27  1.91797
23  2.03906
23  2.67188
23  3.98828
30  4.20313
30  4.47656
30  5.62109
30  7.70313
30  9.08203
30  8.34766
30  4.16016
30  2.54688
30  2.13672
26  2.12891
26  2.19531
18  0.59375
26  0.789063
18  0.921875
58  0.746094
26  1.07422
18  1.47656
59  1.90625
51  2.03906
19  2.04297
19  3.1875
19  3.44531
19  3.62891
19  5.11328
17  4.89453
17  2.46875
19  2.13672
19  1.55469
19  1.67578
23  1.90234
23  2.70703
23  3.14063
23  3.87891
30  5.21094
30  5.78906
30  6.98438
30  10.3203
30  8.55469
30  7.08984
30  3.82031
30  2.12891
30  1.69141
22  1.65625
26  2.28125
18  2.87109
26  1.87891
18  2.18359
59  2.46875
19  2.38672
19  2.9375
19  3.21484
19  3.25781
19  3.69141
17  4.49219
17  4.11328
17  5.14844
17  7.21875
17  6.29297
17  8.26563
17  5.10938
17  3.76563
17  3.23438
17  3.45313
17  3.78125
23  6.01172
23  6.10156
22  6.67578
30  4.54688
30  4.23438
30  4.06641
30  4.55469
30  5.56641
30  6.80859
30  8.64063
30  10.6172
26  7.86719
58  6.94531
58  6.09766
26  5.47656
26  4.73047
58  4.0625
18  3.78906
58  3.54297
58  3
26  2.75
26  2.66797
58  2.42578
18  2.42188
18  2.61719
58  2.80469
18  3.36328
16  3.38672
18  4.66797
24  4.25781
16  3.74219
16  5.22266
16  4.57422
16  4.67578
16  6.44531
16  6.44141
16  3.75391
16  2.53125
24  1.68359
24  1.01953
24  0.875
16  1.22266
16  1.95703
18  2.41406
18  3.24609
18  4.54688
58  6.19141
58  4.24219
58  3.66797
58  3.29297
58  2.5
26  2.13281
26  1.80078
58  1.27344
26  1.09766
26  0.871094
2  0.546875
18  0.707031
18  0.652344
26  0.527344
18  0.726563
2  0.871094
18  1.09766
18  1.46094
18  1.64844
16  1.9375
16  2.21875
16  2.61719
16  2.62109
16  3.92969
16  3.65625
16  5.42578
16  5.20313
20  4.78906
16  6.92188
16  9.44141
16  9.02734
16  5.84766
16  4.29688
16  3.17188
16  2.49219
16  2.26563
16  2.46484
16  3.15234
30  4.02734
2  4.51953
2  5.47266
2  6.84375
2  8.78125
2  11.082
26  9.96875
10  9.16406
26  8.91406
2  8.16406
14  7.83594
2  7.29688
6  6.83594
22  6.50781
6  6.12891
30  6.10156
30  5.98047
30  5.52734
30  5.76953
30  5.62109
30  5.75391
22  6.16016
22  3.25391
30  1.71484
30  1.00781
22  0.921875
6  0.894531
6  1.39453
50  1.86719
50  2.46094
50  3.33594
51  4.84766
51  6.1875
51  4.52344
51  3.69922
51  3.24609
50  2.96484
19  2.66016
51  2.00391
51  2.17578
50  2.04688
19  1.9375
51  2
18  2.68359
51  2.46484
50  3.79688
16  3.29297
16  2.89063
16  3.31641
16  4.76563
16  4.44141
16  4.51953
16  6.82031
20  6.77734
16  7.30469
16  4.36328
20  3.0625
20  2.24219
16  2.04688
16  1.83203
16  2.29688
22  3.18359
22  2.33594
22  2.63281
30  2.89453
22  4.07031
22  4.02344
30  5.10547
30  5.54297
22  6.80078
22  4.08984
22  2.92578
22  2.33594
22  1.62109
22  1.46094
23  1.66406
55  1.94141
55  1.88672
50  3.89063
50  4.25
51  4.31641
51  4.80859
51  7.63281
51  8.37109
51  9.63672
51  4.66406
51  2.72266
51  1.78906
51  1.94531
18  2.30078
50  0.945313
18  1.26172
58  1.79688
58  1.82422
22  2.09766
22  3.01172
22  3.30859
22  3.43359
22  5.01563
20  4.76953
30  6.63281
20  8.35547
20  4.97266
20  3.30859
20  2.41406
20  3.01953
20  2.33203
20  2.27344
22  3.66406
23  4.23438
55  3.8125
55  4.07813
55  6.68359
51  6.73828
51  7.16016
51  5.24219
51  5.05469
51  5.43359
51  5.96484
50  7.5625
50  8.25
50  7.80078
50  5.62109
50  4.82031
50  3.97266
58  3.32031
50  3.07031
18  2.80078
58  3.00391
58  3.05859
18  3.61328
16  3.94922
20  4.53906
20  5.03516
20  5.19922
20  6.3125
20  3.88672
20  4.88281
20  3.98047
20  3.85938
20  3.95313
54  4.82031
22  4.83594
23  5.23047
55  5.31641
55  6.83203
51  7.08984
51  7.55469
51  7.47266
51  9.53906
51  9.64844
51  10.6641
51  8.28906
51  8.36719
51  7.9375
51  8.94922
51  9.22266
50  10.9492
50  6.84766
50  5.90625
50  5.30469
50  4.66016
58  4.06641
50  4
50  4.30859
16  4.75
22  5.39844
20  5.59766
20  5.82422
20  7.07422
20  8.03125
20  9.57422
20  6.42969
20  5.60938
20  5.83984
20  5.42969
20  4.46094
20  4.6875
20  5.60938
20  4.97266
20  5.11328
20  7.16406
52  7.11328
23  6.92188
55  6.93359
55  9.14844
55  9.08984
51  9.23438
49  9.25781
51  6.99219
51  6.52344
51  5.96484
51  5.91797
23  6.36719
50  7.13281
50  7.80469
50  6.47656
50  6.89844
50  7.40234
50  7.37109
50  8.16406
50  8.78516
50  6.39844
58  5.31641
50  4.70703
50  4.79688
48  4.72656
48  5.32422
48  5.33594
20  6.09375
20  6.35156
20  7.83984
20  8.72266
20  6.87891
20  7.21484
20  8.39844
20  5.03906
20  4.45313
22  3.37109
22  3.00781
30  2.40625
62  1.87109
54  1.85547
22  1.44141
62  1.35156
54  1.19531
22  1.47266
54  1.50391
62  1.78906
54  2.01172
22  2.53906
55  3.01953
50  3.28906
55  3.49219
55  3.59766
55  4.87891
51  4.67969
55  5.53906
51  5.45703
51  6.66406
51  6.24219
51  8
51  10.332
51  7.125
51  5.5625
51  4.65625
51  4.39844
55  5.68359
50  5.37109
50  3.84766
50  5.25391
50  5.35156
58  5.48828
50  5.46484
34  7.30078
34  7.37109
50  8.03906
50  5.37891
34  4.28125
50  3.32422
48  3.29688
48  3.01563
48  3.72266
48  4.11328
20  7.21484
20  7.35156
20  8.10547
20  6.42578
20  6.22266
20  6.36719
20  7.15625
20  4.47266
20  3.46484
20  3.28516
22  3.625
54  2.05859
6  1.55469
62  1.22266
22  1.30469
6  0.785156
22  0.445313
54  0.40625
62  0.359375
54  0.351563
54  0.5625
62  0.734375
54  0.925781
22  1.53516
54  1.64453
22  2.02734
55  1.75391
55  2.04297
55  2.44922
55  2.45313
55  3.75391
55  3.5
55  3.91406
55  5.0625
55  2.44531
55  1.33594
55  0.683594
55  0.429688
55  0.667969
55  1.30469
22  2.125
22  2.70703
62  3.76172
22  5.05469
62  6.69922
62  4.64844
22  4.15625
62  3.45703
62  2.75781
62  2.53516
62  2.09766
62  1.5625
62  1.72656
54  1.33594
22  1.25391
62  1.10938
22  1.03125
22  1.32031
54  1.13281
22  1.49609
62  1.62891
54  1.89453
20  1.87109
54  2.58594
52  2.5625
20  2.86719
55  3.25781
55  3.54688
55  4.51563
53  4.41406
55  6.4375
53  5.66016
55  8.41016
55  5.68359
55  4.39063
55  3.58594
55  3.24219
55  3.37109
20  3.90234
20  4.48438
52  5.53906
62  6.52344
62  7.99219
20  6.95703
20  6.72656
20  5.99219
20  5.75391
60  5.75391
20  5.38672
60  5.59375
20  5.6875
20  5.87109
20  5.59375
20  6.17578
20  6.29688
20  3.17969
20  1.98047
52  1.33594
60  0.816406
60  0.761719
52  0.949219
20  1.67969
38  2.14453
38  3.03906
6  4.21094
34  5.54297
34  6.71875
34  8.58594
34  7.07813
34  6.14453
34  5.05859
34  4.60938
34  4.25781
34  3.62891
34  3.09375
34  3.22656
34  2.88281
34  4.26563
34  3.64063
34  3.09375
34  3.11719
34  4.60156
55  4.19141
55  4.33594
55  6.07813
39  5.73438
55  5.34375
55  2.89844
55  2.05859
55  1.0625
55  0.757813
55  1.16016
55  1.90234
54  0.980469
54  1.49219
54  1.875
62  2.10547
52  2.33203
52  2.80469
20  3.50781
52  3.92578
53  3.94922
53  5.64063
53  7
53  4.08203
53  2.86719
53  2.37109
52  3.13281
48  2.51953
48  2.45703
32  3.80469
32  3.82422
32  4.44922
34  6.92578
34  6.98828
34  7.57422
34  5.55078
34  5.13672
34  5.14453
34  5.54297
34  6.29297
34  7.67969
38  4.80859
38  3.99609
38  3.1875
38  2.45313
6  1.70703
38  1.40234
54  1.17578
6  1.125
38  1.01172
54  1.47656
39  1.83984
55  2.23828
52  2.80078
55  3.08594
53  3.23047
53  4.58594
53  5.50781
53  5.21484
53  6.58594
53  8.89063
53  11.332
53  7.64844
53  3.30469
53  1.42969
53  0.785156
52  1.42188
52  0.75
36  1.3125
38  1.75781
38  1.98828
38  2.46875
34  3.39844
34  3.93359
34  4.77344
34  5.82422
34  6.85156
34  8.64844
34  7.10156
34  4.95313
34  3.89063
34  3.33203
34  3.97656
34  2.87891
34  2.82813
38  4.41406
55  4.35547
39  3.74219
55  3.94141
55  4.35156
53  6.54688
53  6.89844
53  4.35156
53  4.20313
53  3.68359
53  4.41016
53  4.60156
52  4.4375
52  5.98828
53  6.74609
53  8.21094
52  6.24219
53  4.84375
53  3.99219
53  3.42578
53  2.91016
52  2.61719
52  2.70313
52  3.23828
36  2.92969
48  2.86719
32  2.58594
32  2.79297
32  4.53125
48  4.61719
34  4.69922
34  5.17578
34  7.16797
34  8.40234
34  7.55469
34  5.24219
34  4.46094
34  3.82813
34  4.28125
34  4.14063
38  5.85938
38  4.78516
38  5.96484
38  3.51563
38  2.25781
38  1.21094
38  0.9375
38  0.945313
6  1.23047
38  1.54688
55  2.11328
55  2.76953
52  4.00391
53  4.39844
53  5.23438
53  6.94531
53  4.30469
53  4.37891
53  3.91016
53  3.15625
53  4.39063
53  4.04688
53  3.41016
53  3.66016
53  5.39063
37  5.01172
32  5.125
32  7.38672
32  6.92188
32  6.76953
48  4.16797
32  3.33203
32  2.70703
48  2.44922
32  2.80859
52  2.23438
36  2.65234
32  3.26172
36  3.80469
38  3.91406
34  4.25781
32  4.625
38  5.85938
34  5.38281
34  6.84375
34  6.25
34  7.61328
34  5.08594
34  4.37891
39  5.90625
39  5.11328
39  4.97656
39  2.58203
55  1.68359
55  1.08203
39  1.29297
39  1.58984
55  2.32422
53  3.34375
36  4.29297
36  4.06641
60  5.53906
60  6.83203
60  5.03125
52  4.44922
52  4.03125
60  3.1875
52  2.91016
52  2.29297
52  1.89844
52  1.71484
36  1.89844
52  1.60156
52  1.40625
36  1.69922
37  1.91406
36  2.07422
52  2.36328
48  2.05469
32  2.39453
32  2.78516
32  3.05469
32  4.56641
32  4.44531
32  4.10938
32  1.69141
32  1.02734
32  0.8125
32  0.777344
48  1.01563
32  1.66797
36  2.23047
36  3.05859
36  4.48047
4  2.70703
4  2.10938
4  1.79688
36  1.47266
4  1.0625
36  1.09375
4  1.12109
4  0.929688
52  1.08984
36  1.08203
4  1.17188
36  1.23828
36  1.50391
4  1.77344
32  2.23828
32  2.52734
38  2.89844
32  3.05859
32  3.28516
32  3.65625
32  4.17969
32  4.26563
32  5.71094
32  5.53125
32  2.91016
32  1.875
32  1.28516
32  1.17969
32  1.50781
32  2.30078
4  2.77734
4  3.32813
4  4.33594
4  5.6875
4  7.43359
4  5.82813
4  5.23828
4  4.47656
4  3.96875
36  3.49609
4  2.79688
4  2.54688
4  2.25781
4  1.83984
36  1.75781
4  1.55469
36  1.57813
36  1.58984
4  1.51563
36  1.84766
36  2.09375
36  2.5
36  2.68359
32  2.98828
32  3.17578
32  3.40625
32  3.35156
32  4.47656
32  4.11719
32  4.33594
32  5.39844
32  5.45703
32  7.40234
32  7.19531
32  4.39844
32  3.13281
32  2.36719
32  2.06641
32  2.27734
32  2.9375
32  3.875
36  4.53516
36  5.18359
36  6.36719
36  7.97266
4  6.13281
4  5.84766
4  5.62109
53  6.20313
4  5.76172
37  5.56641
53  5.27734
5  4.98828
37  4.82422
53  5.22266
53  5.03516
53  5.66797
53  5.36328
53  5.89453
37  6.05859
37  3.35547
53  2.12891
37  1.62109
37  1.31641
5  1.24219
37  1.85156
36  2.52734
4  3.09375
46  4.03516
46  4.77734
46  6.17578
46  4.57813
46  3.93359
46  4.82422
46  3.82031
46  3.04297
46  2.91016
46  3.64453
46  3.24609
46  3.08203
38  4.69141
46  4.26563
32  4.17969
34  4.36328
32  5.53125
32  5.73047
32  5.47656
32  7.48828
32  7.60938
32  5.06641
32  3.54688
32  2.49609
32  2.07031
32  2.40625
40  2.60156
32  3.12109
36  2.29297
36  2.68359
37  2.95313
37  2.75391
37  3.34766
37  4.02734
37  4.60156
37  4.97656
37  6.46094
33  4.14063
33  3.25781
37  2.86719
39  2.37891
39  1.85938
47  3.27344
47  2.84375
47  3.03516
46  5.51953
46  5.4375
46  5.55859
46  6.39453
46  9.30078
46  10.3555
46  8.82813
46  4.59375
46  2.91797
46  2.06641
44  2.10547
36  0.507813
44  0.300781
36  0.714844
44  0.957031
60  1.14453
36  1.80859
32  2.24609
32  2.78516
37  3.11719
37  4.21094
33  3.85938
33  5.39453
33  6.90625
33  3.93359
33  2.79297
33  4.12891
33  3.25391
33  2.92578
47  3.38281
39  5.32422
47  4.90625
47  4.90625
47  8.32813
46  8.18359
46  8.375
46  6.23438
46  5.80469
46  6.01563
46  6.23438
44  6.85938
44  8.46875
46  8.82031
46  7.06641
46  5.90625
46  5.14844
46  4.66406
46  4.26172
40  4.08203
40  3.87109
32  3.62891
32  5.36328
32  5
40  4.80078
32  5.21484
33  5.77344
33  7.50781
33  8.66797
33  5.38672
33  5.75781
33  4.45703
33  4.5
33  4.98047
37  6.04688
37  3.42188
33  2.64844
37  2.44922
37  1.80078
37  1.24609
37  1.30859
37  1.73828
37  2.12109
45  2.19922
39  2.79297
47  2.98047
47  3.58594
46  4.88281
46  5.39453
46  5.25391
46  6.01172
46  7.40625
46  8.64453
46  6.24219
46  6.95313
46  6.33594
46  8.21094
46  8.17969
44  8.71484
44  5.67969
44  4.29297
60  3.21484
44  2.48438
44  2.14844
36  2.22656
44  2.21484
60  2.44531
40  3.00391
40  3.51953
33  3.93359
33  5.23438
33  5.42188
33  6.41797
33  8.29297
33  7.12109
33  5.5625
33  5.29688
33  4.21484
33  4.93359
33  4.6875
33  4.04688
33  5.60547
33  5.42578
41  4.98438
33  5.34766
33  7.375
41  7.18359
39  7.05469
39  9.72656
47  9.46875
47  9.42188
47  6.5625
47  5.51172
39  4.82813
47  4.34766
47  4.52734
39  5.03516
45  3.92578
37  4.46094
44  4.61328
44  5.04688
44  5.54688
44  5.73828
46  6.07813
46  7.01172
44  8.0625
46  7.625
46  9.02734
46  11.0625
46  7.76172
46  6.17188
46  5.44531
40  6.28125
40  5.46484
40  5.27344
40  2.80469
32  1.81641
32  1.12891
40  1.25391
40  1.51172
32  2.06641
32  3.25391
45  4.12109
45  3.83203
37  5.1875
5  6.36719
53  4.55859
37  3.78516
5  3.41016
61  2.60156
37  2.18359
37  1.81641
5  1.63281
45  1.24609
37  1.24219
37  1.09375
61  1.14453
45  1.28516
37  1.72656
37  1.89453
37  1.89453
47  1.99219
47  2.30078
47  2.99219
47  2.73047
47  2.83594
47  4.04688
47  4.14453
47  6.45703
47  6.5
47  6.22656
47  3.33594
47  2.12109
47  1.47266
47  1.19141
39  1.19922
47  1.28516
47  1.96484
45  2.63672
45  3.37891
37  2.23438
45  1.75
61  1.32031
45  1.29688
61  1.25391
61  1.32422
45  1.57422
45  1.92188
61  1.99219
45  2.09766
45  2.35938
45  2.55469
44  2.67188
44  3.16406
44  3.17578
46  3.40234
47  4.41797
47  5.91406
47  5.37891
46  5.40234
47  6.80469
46  6.39453
47  8.94141
46  8.03125
46  5.02734
46  3.67188
46  2.79297
47  2.3125
47  2.14063
47  2.44141
47  3.14844
61  3.91016
45  4.55078
45  5.45313
61  3.72266
61  3.27734
45  3
61  2.55469
45  2.54297
45  2.34375
61  2.05078
45  2.15234
61  2.16406
45  2.21875
45  2.44922
61  2.55859
44  3.05859
47  3.17969
47  3.5
47  3.3125
47  4.50781
47  4.0625
47  4.23828
47  5.28906
47  5.26172
47  7.25
47  6.91016
47  4.12109
47  2.94141
47  2.21875
47  1.94141
47  2.17578
15  2.5625
13  3.11328
45  3.60938
45  4.39844
61  2.79297
61  2.38281
45  2.30469
61  2.07031
45  2.15625
45  2.28516
61  2.30859
61  2.67578
45  3
45  3.13672
45  3.25781
41  3.42188
41  3.88672
41  3.70313
41  4.22656
33  5.23047
41  7.02734
41  6.70313
43  6.30469
43  7.60938
43  7.04688
43  9.38281
43  6.37109
43  5.16406
42  4.5
43  4.79297
40  4.57031
42  4.61328
40  5.85547
40  3.61719
40  3.00781
12  2.66016
12  2.41016
12  2.73047
12  3.32813
12  4.41016
13  5.52344
13  5.35156
13  7.17578
13  4.91797
13  4.24219
13  3.56641
5  3.04688
5  2.38281
13  2.26563
13  1.84375
5  1.53516
45  1.49219
13  1.37891
45  1.29297
5  1.27734
45  2.14453
15  2.36328
47  2.21875
47  2.53516
47  2.69141
47  4.60156
43  4.64063
47  4.63672
43  4.59375
43  6.19531
43  7.69141
43  4.64453
43  3.44922
43  2.9375
43  4.31641
43  4.22656
41  4.36719
41  4.22656
41  4.34375
33  5.21094
33  5.78906
41  6.90625
41  4.125
41  3.00391
41  1.81641
41  0.988281
41  0.796875
41  0.804688
41  0.910156
41  1.50781
41  2.5625
5  3.05469
13  3.51563
12  4.22266
12  5
12  6.89453
12  8.25781
12  5.39063
12  6.03906
12  4.92578
12  3.92578
12  3.38281
12  3.08594
12  4.01172
12  3.83594
15  3.62109
15  5.39063
47  5.23438
47  4.75781
47  5.23047
47  7.62891
47  7.60547
43  5.11328
15  4.25
47  3.40234
43  3.42188
47  3.56641
41  2.98047
41  3.54688
43  4.14063
43  5.07031
41  7.04297
43  8.97656
43  5.5625
43  3.96094
41  4.4375
43  3.36328
43  2.67578
43  2.88672
41  4.01172
8  3.40234
8  3.14844
40  3.42578
8  3.98828
40  5.78906
12  5.84766
12  6.19141
12  8.8125
12  9.48438
12  7.16016
12  6.30078
12  6.95703
12  6.07422
12  7.38281
12  7.42969
13  4.10156
13  2.77734
13  2.22266
13  1.81641
13  1.3125
5  1.07031
13  1.3125
13  1.89453
47  2.11328
41  2.88281
41  3.31641
43  3.49219
43  3.90234
43  5.67578
43  6.59766
43  8.45313
43  5.40234
43  6.125
43  4.66016
43  4.17578
43  3.50781
43  4.91406
43  4.20703
43  4.42969
43  7.07422
11  6.75
40  6.29688
8  6.13281
8  9.42969
8  9.49609
8  9.55469
8  7.09375
8  6.07031
8  5.58203
8  5.46484
40  5.83594
13  5.11328
13  5.48828
12  6.28125
12  6.88281
13  7.85547
13  9.39844
12  8.82031
12  6.35156
12  6.51953
12  5.48047
47  5.20703
13  6.33203
47  5.59766
47  4.99219
15  5.12109
15  2.89844
47  2.07031
15  1.83203
47  2.03125
47  2.67969
41  3.65234
41  2.82422
41  3.96484
41  5.30469
33  6.98047
43  8.4375
43  6.95703
43  5.12891
43  4.96094
43  4.1875
43  3.03516
43  2.78516
41  2.94531
43  2.20313
43  2.01172
43  1.74609
41  2.38281
9  2.44141
43  2.34375
41  3.32813
9  3.46484
8  3.17188
8  3.05469
8  4.59375
8  4.63672
8  4.57422
8  7.07031
12  7.08984
8  7.33203
8  4.45313
12  3.34766
8  2.73828
8  2.16406
8  2.16797
8  2.79297
41  3.31641
13  2.14063
13  2.46875
13  3.01563
5  2.96094
13  2.78125
13  4.12109
29  4.29297
13  4.31641
12  4.67969
29  6.08594
13  7.23438
12  6.75391
12  3.91016
12  3.03516
13  3.53906
15  2.66797
13  4.01953
15  3.97656
15  4.17578
43  4.80078
43  2.92188
43  2.35547
43  2.44922
43  2.93359
43  3.82422
43  5.23047
43  6.82422
43  9.16406
43  12.0938
41  10.0898
41  8.01563
57  6.79297
57  6.05078
57  5.51563
57  4.60547
57  3.74609
9  3.13672
57  2.35938
57  2.03125
41  2.26953
57  1.54297
57  0.992188
9  0.855469
57  0.671875
57  0.519531
9  1.00391
57  1.07031
9  0.910156
41  1.07422
9  1.23438
9  1.33984
8  1.53906
8  1.73438
8  2.30078
8  2.30859
8  3.80469
8  3.61719
8  3.88281
8  3.92188
8  5.43359
8  5.23828
8  2.41797
8  1.21875
8  0.464844
8  0.191406
8  0.359375
8  0.988281
1  1.65625
1  2.08984
1  2.94141
1  4.12109
1  5.66016
1  7.65625
1  5.88281
1  5.08984
1  4.15234
1  3.64844
1  3.10938
1  2.29297
1  1.96875
1  1.41797
1  1.07031
9  0.902344
1  0.515625
9  0.574219
9  0.449219
1  0.246094
9  0.457031
1  0.542969
9  0.617188
9  1.01172
1  1.21875
8  1.70313
8  1.92969
8  2.38672
8  2.37109
8  2.75
8  3.18359
8  3.83984
8  3.90234
8  5.44922
8  5.24609
8  2.625
8  1.60938
8  1.04688
8  0.976563
8  1.37109
8  2.16406
1  2.89844
1  3.53125
1  4.6875
9  6.70703
1  8.48828
1  6.44531
1  5.94531
1  5.32422
1  4.99219
9  4.84766
1  4.46875
43  4.56641
43  4.55078
43  3.99609
43  4.04297
11  3.95703
11  4.13281
43  4.13672
43  4.40234
43  4.59375
43  4.72656
11  5.75
43  2.65625
43  1.20313
11  0.589844
11  0.550781
59  0.894531
59  1.3125
25  1.86328
25  2.41016
25  3.32813
29  4.15234
29  5.37891
29  7.28516
29  9
29  7.35547
29  6.98438
29  5.625
29  4.89844
29  5.61328
29  4.55859
29  3.80859
29  4.97656
29  4.24219
29  3.72656
29  3.56641
29  4.87891
29  4.58594
29  7.08594
8  6.49609
8  6.23047
24  3.73438
24  2.38281
8  1.75781
8  1.77734
8  2.18359
25  1.98047
9  0.816406
25  0.890625
9  0.960938
1  1.15625
9  1.70703
9  2.24609
8  2.55469
11  2.73438
10  3.31641
10  3.9375
11  4.87891
10  4.6875
10  6.03125
10  8.51953
10  5.35938
10  3.83984
10  3.03125
11  4.85547
15  4.08203
15  3.70703
15  4.10938
31  5.77734
31  6.27734
29  4.12109
29  3.45703
29  3.11328
29  3.27734
29  3.91016
25  3.98047
25  5.07422
29  6.5625
29  4.23828
25  3.53125
29  3.01172
29  2.41406
25  2.28125
9  2.08594
25  1.96094
8  2.125
9  2.80078
8  2.57422
8  2.76172
8  2.77344
8  4.69141
10  4.79297
10  5.21875
10  2.80469
8  3.23438
10  2.58984
10  2.85156
11  4.04297
11  4.41797
11  3.86719
11  4.67969
11  5.96875
3  3.45703
11  1.93359
11  1.27734
11  0.898438
11  0.453125
11  0.582031
27  0.585938
11  1.14453
3  1.69922
9  2.01953
25  2.53906
29  3.10547
29  3.72266
29  4.84766
29  5.76172
29  3.26172
29  3.83203
29  3.20313
29  2.42188
29  2.09766
25  3.45313
25  3.45703
8  3.19531
24  3.13281
8  3.69141
10  5.71875
10  5.75391
10  6.77344
10  9.16406
10  6.55469
10  3.61328
10  3.19922
26  3.66797
27  3.91406
25  2.97656
25  3.14844
29  3.46875
29  3.67188
29  3.98828
29  5.25
29  6.05469
29  7.86719
29  5.10938
29  1.79688
29  1.05469
25  1.70703
25  2.16797
9  1.12891
25  1.66016
59  1.90625
43  2.41797
11  3.16797
11  4.12891
43  5.51563
11  6.79297
11  8.92578
10  5.93359
11  5.30469
11  4.375
11  3.36719
10  2.57031
11  2.70703
27  2.07031
11  1.70313
11  1.83984
11  2.17188
11  1.99219
11  2.29688
31  2.42578
27  3.51953
15  3.62891
31  3.59766
31  3.79688
31  5.96875
29  5.59766
29  6.14453
29  3.50781
29  3.05078
29  3.23438
29  3.16797
29  4.09375
25  4.30859
25  3.48047
25  3.75
25  4.1875
25  5.3125
25  5.23438
25  7.24219
25  7.40234
25  4.59375
25  3
25  2.05469
25  1.72266
57  1.53516
25  1.53906
24  2.08984
24  2.46875
10  4.07422
10  4.32422
10  5.24219
10  7.46875
10  8.67969
10  10.582
10  4.98047
10  3.11328
10  1.69922
10  1.48438
27  1.81641
11  0.410156
27  0.402344
59  0.421875
27  0.402344
11  0.554688
27  0.984375
27  1.00391
11  1.42188
31  1.70703
31  2.25
25  2.56641
31  2.875
31  3.04688
25  4.23047
29  3.85156
29  4.91797
29  7.16797
29  6.03906
29  8.3125
29  5.08594
29  3.50391
29  2.60156
29  2.35547
31  3.82422
31  4.07031
25  4.27734
25  4.90625
25  3.76172
17  3.84375
57  4.05859
25  3.69922
25  3.75781
17  3.88672
25  4.99219
25  4.69922
17  1.88281
17  0.886719
25  0.613281
57  0.636719
25  1.03125
27  2.08984
27  2.76953
11  3.99219
10  4.96484
10  6.60938
10  9.36719
10  7.85156
10  6.85938
10  7.22656
10  6.47656
10  6.11328
10  6.87891
10  6.35547
10  3.01172
26  1.49609
10  0.648438
10  0.503906
10  1.01172
27  1.72656
27  2.5625
27  4.18359
17  2.47266
17  2.42578
25  2.63672
17  2.55078
25  2.78125
25  2.78906
25  3.00391
25  2.73047
17  3.89453
17  3.35547
25  5.52344
17  4.80469
17  4.57422
31  6.45313
29  6.04688
31  8.07813
29  7.24219
29  4.61328
31  3.59375
31  2.78906
31  2.41406
31  2.51172
31  3.01563
59  3.90625
59  4.21484
59  4.92578
59  6.05078
59  7.67188
59  9.73047
59  7.79297
59  6.70313
59  6.10547
59  5.31641
59  4.42188
59  3.92969
59  3.30859
59  2.75
27  2.47266
59  1.90234
59  1.76953
59  1.62891
59  1.23828
27  1.36719
19  1.17578
27  1.23438
19  1.19922
19  1.39063
19  1.51172
27  1.57031
31  1.71875
27  2.19922
31  1.92969
31  2.16406
31  2.72266
31  2.76563
31  4.30859
31  4.14453
31  1.80469
31  1.125
31  0.90625
31  0.539063
31  0.78125
31  1.44531
27  2.13672
27  2.93359
27  4.1875
59  2.60156
59  2.32422
59  1.95313
27  1.73828
59  1.35547
27  1.58203
59  1.6875
10  1.96094
10  2.05078
26  2.16016
10  2.32031
26  2.3125
26  2.58594
10  3.02344
10  3.23047
26  4.26953
26  4.67578
26  5.45313
26  2.98828
26  2.02734
10  1.50391
26  1.39844
26  1.89844
26  2.47656
24  2.96875
17  3.64453
17  4.02734
17  5.51953
17  6.38672
17  7.84375
17  7.46484
17  6.61328
17  5.70703
17  6.69141
17  6.05078
17  2.92578
25  2.10156
17  1.9375
25  2.82422
19  3.48438
26  2.4375
26  2.78516
10  3.19531
26  4.25781
26  4.16406
10  5.57031
30  5.5625
30  6.91406
30  4.11719
30  3.06641
26  4.33203
26  3.86328
24  3.52344
26  4.64453
16  4.55859
16  4.61719
19  7.89844
17  7.84375
17  8.05078
17  8.69141
17  7.24609
17  7.04297
17  7.30859
17  8.16016
17  9.29688
17  7.53906
19  7.15234
27  5.4375
19  4.86328
3  4.01563
3  3.76953
19  3.60938
27  3.48828
3  3.71094
19  3.75391
26  4.30469
26  4.58203
10  4.95703
26  5.01953
26  6.54297
30  6.21094
26  7.40625
30  9.33594
30  6.03125
30  4.50781
30  3.71875
26  4.01563
30  3.39453
30  3.39844
26  4.24609
26  4.81641
16  4.97266
16  5.21094
19  7.00781
17  7.04297
17  7.35547
17  10.0234
17  10.5508
17  8.07031
17  7.28125
17  6.55859
17  7.82031
17  7.51172
23  6.85156
21  6.36719
23  8.50781
31  8.42969
23  5.36328
31  3.94922
31  3.07813
31  2.30469
31  2.32813
26  2.59766
26  3.11328
30  3.08984
30  3.95703
30  5.51172
30  6.96484
30  6.10938
30  7.88672
30  10.5273
30  13.0078
30  9.09375
30  4.40234
30  2.11719
30  1.21094
30  1.64844
18  1.83594
26  0.476563
26  1.125
19  1.62891
51  1.89063
19  1.94922
19  2.55078
19  3.29297
17  4.25781
19  5.02344
17  6.51953
17  3.44922
17  2.45703
19  2.24609
19  1.82422
27  1.82422
19  2.28125
27  2.29297
23  2.53125
23  2.84375
31  3.41797
30  5.07031
30  5.23047
30  6.22656
30  9.17578
30  10.5703
30  7.46484
30  3.97266
30  2.91406
30  2.21484
30  2.72656
26  3.17969
18  1.85938
26  2.45703
19  2.80859
51  3.14063
51  3.44531
17  3.77344
17  4.37109
19  5.42969
17  5.57813
17  6.06641
17  8.03906
17  5.30078
17  2.14453
17  1.53906
19  1.83203
19  0.707031
59  0.9375
59  1.45313
26  2.01172
26  2.59375
26  3.47266
10  4.9375
26  6.48438
26  4.76953
30  3.83594
26  3.20703
18  2.625
30  2.19141
26  2.21094
18  1.72656
26  1.64844
18  1.81641
24  2.07031
26  2.1875
16  2.29297
16  2.27344
16  3.66406
16  3.33203
16  3.40234
16  5.65234
16  5.41797
17  5.40625
16  3.21875
16  2.1875
16  1.79297
16  1.83203
24  2.125
16  2.77734
19  1.93359
19  2.13672
19  2.23438
19  2.17578
19  3.15234
19  3.21094
19  3.65625
19  3.95313
19  4.99609
17  4.86328
19  6.12109
17  8.22656
17  7.20313
17  4.36719
19  5.05078
17  4.07813
19  3.88672
19  3.77344
23  3.39453
23  3.60156
23  5.94141
22  6.19141
30  4.30078
30  3.81641
30  3.80469
30  4.16797
30  5.1875
30  6.44922
30  8.23047
30  10.1992
26  7.37891
26  6.85547
58  5.61719
10  5.20313
26  4.11719
58  3.61328
58  2.97656
26  3.14453
26  2.68359
26  2.62109
26  2.55469
18  2.53906
58  2.38672
18  2.73828
26  2.9375
26  3.42578
26  3.32813
16  3.24219
16  3.60156
16  4.04688
16  4.16797
16  5.15234
16  4.93359
16  4.54688
16  6.39063
16  5.80078
16  3.00781
16  1.84375
16  1.17578
16  1.00391
16  1.20313
16  1.67188
26  1.89453
26  2.39453
26  3.40625
18  1.83203
2  1.25391
18  1.125
58  0.910156
58  0.710938
18  0.75
58  0.621094
18  0.597656
26  0.886719
58  0.882813
26  0.972656
26  1.33594
18  1.58984
26  1.76172
16  1.75781
26  2.79688
16  2.41016
16  2.51953
16  3.51953
16  3.37109
16  5.20313
16  4.80469
16  2.23828
16  1.29297
16  0.796875
16  0.722656
16  1.10938
16  1.94531
18  2.64063
2  3.23828
2  4.27734
2  5.84375
2  7.80859
2  10.1914
2  8.76563
10  7.81641
26  7.43359
2  6.42969
10  5.93359
2  5.26563
2  4.75391
2  4.35938
2  3.78516
18  3.60156
2  3.34375
2  3.11328
22  3.14844
2  3.14063
30  2.98438
30  3.55078
30  2.86719
30  2.94922
30  3.35938
30  3.30078
22  4.26563
22  4.18359
30  4.80078
22  2.57422
30  1.52734
30  0.632813
22  0.640625
22  1.25
23  1.92969
50  2.74219
51  3.05469
51  3.98828
51  5.49219
51  6.92578
51  6.52734
51  5.49609
51  4.58984
51  5.60156
51  4.67578
51  4.36719
51  5.8125
19  5.24219
51  4.71094
51  6.90625
51  6.1875
19  3.93359
51  3.36719
23  3.35547
23  4.30859
22  4.71094
22  3.67969
22  4.77344
20  4.75391
20  6.01172
20  3.52734
20  2.78516
20  2.76563
23  3.38672
23  3.01953
22  4.28516
23  4.61719
51  4.82422
51  5.32813
51  7.05859
51  5.42969
51  5.44922
51  5.92969
51  6.75781
51  7.84766
51  9.53125
50  6.50781
50  5.52734
50  4.50781
58  3.63672
58  3.23047
50  2.84375
18  2.23047
58  1.83594
18  1.9375
50  1.88672
58  1.88672
18  2.21875
50  2.57422
16  2.29297
16  3.48828
20  3.78125
16  3.73047
20  3.86328
20  5.09766
20  6.53906
20  5.79688
20  8.07422
20  10.1797
20  6.86719
20  5.20313
20  1.94531
20  1.07031
20  1.48438
16  2.12891
18  1.66016
50  1.75391
18  0.683594
50  0.765625
2  0.546875
18  0.914063
50  1.37891
22  1.89844
30  1.8125
22  2.83984
22  2.86719
30  3.91797
20  4.66406
20  5.26953
20  6.92578
20  4.03516
22  3.98438
22  2.78125
20  1.91797
20  1.67578
22  2.19531
22  2.57813
55  2.74609
22  4.6875
55  4.77734
55  4.96484
51  5.33984
51  7.84375
51  8.36719
51  8.77734
51  6.98438
51  7.46875
51  7.26172
51  8.42578
51  9.44922
50  6.26563
50  5.33203
50  4.64453
50  3.65625
58  3.00391
50  2.74609
18  2.9375
50  2.92578
58  3.3125
48  3.66797
16  3.95703
16  4.32422
22  5.53906
20  6.86328
20  5.91797
20  7.42188
20  9.42188
20  11.4961
20  7.88281
20  3.57813
20  1.75781
20  1.32422
20  2.16406
54  2.24219
22  1.33594
22  2.05859
50  2.04297
58  2.26953
58  2.49609
50  3.68359
50  4.26563
34  5.72266
50  6.05078
50  3.73828
50  2.80469
50  2.09766
50  1.48828
50  1.19141
50  1.37891
16  1.78125
50  2.33984
16  2.52734
20  3.07031
20  4.67578
20  4.98438
20  6.10547
20  3.85938
20  4.5625
20  4.73047
20  5.95313
22  8.39063
22  4.17578
22  3.41797
22  2.86328
6  1.83203
22  1.15625
22  0.988281
22  0.542969
6  0.40625
22  0.40625
54  0.414063
22  1.02344
54  1.36328
54  1.59375
50  2.34375
55  2.64063
50  3.25781
50  3.89063
51  3.8125
51  4.8125
51  6.42188
51  5.86328
51  6.94922
51  4.23047
51  5.23438
51  3.94141
51  3.29688
51  3.47266
48  4.82031
48  4.80469
48  5.14844
16  3.01953
16  2.64063
48  2.56641
20  2.52734
20  3.03125
20  4.21484
22  5.3125
22  5.19922
22  6.625
22  8.75781
6  6.14063
22  5.43359
22  4.52734
6  3.82422
22  3.1875
22  2.74609
6  2.67188
6  1.95703
22  1.6875
54  1.73828
6  1.99609
54  2.10156
22  2.14063
55  2.19922
54  2.90234
55  2.90234
55  2.46094
55  2.80859
55  4.13672
55  4.03125
55  4.14063
55  6.10938
51  6.17969
55  6.54688
55  3.6875
55  2.61719
55  1.81641
55  1.30469
55  1.09375
55  1.51953
55  2.49219
22  2.94922
54  1.71094
62  1.87891
58  1.8125
50  2.14453
50  2.42578
50  2.54688
50  2.18359
50  2.61719
34  3.125
50  4.01953
50  3.84766
51  3.99609
50  4.56641
50  6.71484
51  6.17578
50  7.85547
51  6.83203
51  4.10547
51  3.47656
51  3
51  3.12891
48  4.23047
48  4.1875
48  2.32031
48  2.17969
20  2.1875
20  2.30859
20  2.98828
20  3.80078
20  5.28906
20  7.21484
54  9.36328
22  11.6563
22  8.16797
6  7.20703
6  6.25
22  5.35938
6  4.44531
6  3.91016
6  3.38281
6  2.82031
54  3.03125
6  2.68359
6  2.05469
22  2.42188
22  2.19531
22  1.81641
22  1.80859
54  1.78125
6  1.64453
54  2.31641
6  2.54297
54  3.14844
55  3.07422
55  3.58594
55  3.75781
55  3.99609
55  4.53125
55  4.46484
55  6.40234
55  6.03125
55  3.39063
55  2.38672
55  1.8125
55  1.68359
55  1.99219
55  2.74609
6  3.30469
6  3.86719
6  4.82031
6  6.28125
6  8.16797
6  10.4648
6  13.2344
6  11.0781
6  9.92578
6  9.12891
14  8.30859
6  7.52344
6  6.86328
6  6.14453
6  5.74609
22  5.30078
6  4.73047
22  4.60938
30  4.39453
22  4.19141
20  4.07813
20  3.83984
20  3.40625
20  3.61719
20  3.45703
20  3.57031
52  3.76172
52  3.89063
20  4.07813
20  4.29688
20  5.05469
20  5.0625
20  6.73047
20  6.57422
20  3.54297
52  2.49219
52  1.85938
20  1.77344
52  2.11719
20  2.63281
52  3.27734
54  4.16016
34  4.78516
34  6.0625
34  7.01563
34  8.60547
34  7.45703
34  6.64453
34  6.01563
34  5.48438
34  5.53516
34  5.10156
34  6.73438
34  6.27734
50  5.875
35  5.50781
34  7.36328
35  6.73438
55  9.94141
55  8.84375
55  8.46094
55  5.68359
39  4.01563
39  2.50781
55  1.67578
55  1.47656
55  1.80469
38  1.72266
54  0.648438
38  0.839844
6  0.828125
38  0.675781
54  1.16406
62  1.81641
54  2.21484
55  2.23047
55  2.30859
55  3.69922
53  3.62109
55  4.34766
53  4.21094
53  5.60938
53  7.76172
53  4.74609
53  3.49609
53  3.03516
55  5.10156
53  4.97656
52  4.95313
52  5.19531
52  5.19922
52  2.85547
60  1.78516
52  0.917969
52  0.601563
52  0.75
60  0.726563
52  1.28906
54  1.8125
6  2.19141
38  3.10156
34  4.13672
34  5.32813
34  6.82813
34  8.11719
34  5.80859
34  4.78125
34  4.46094
34  3.50781
34  2.71484
34  2.46484
34  2.76563
34  2.32422
34  2.30078
38  3.64063
55  3.46094
55  3.40625
55  3.22656
55  4.90234
55  5.20703
55  5.28125
53  7.94531
55  8.76172
53  7.89453
53  5.26953
53  4.95703
53  3.97266
53  5.19922
53  4.61719
52  5.51563
52  5.6875
53  7.69922
53  4.72266
53  3.62891
52  2.85156
53  2.16406
53  1.97266
52  1.97656
52  2.40234
32  1.91797
32  3.94141
32  3.61328
32  3.94141
34  4.19922
34  4.51172
34  6.59766
34  6.87109
34  7.70703
34  6.77734
34  5.19531
34  6.00781
34  5.48047
34  7.02344
34  7.54297
38  4.58984
38  3.48438
38  2.42188
6  1.73828
38  1.08203
38  0.8125
38  0.769531
6  1.14063
38  1.375
54  1.99219
39  2.62891
52  3.01563
52  3.87891
53  4.125
53  5.34766
53  2.98438
53  3.26172
53  2.45703
53  2.47266
53  2.02344
52  2.86719
53  2.95703
32  2.875
32  5.01563
32  4.91797
48  4.875
32  5.02344
34  7.75391
34  7.83203
34  7.79297
34  8.05859
34  10.7852
34  11.7188
34  8.82813
34  8.93359
34  7.76563
34  9.13672
38  8.95703
34  6.07031
38  5.65234
34  4.42188
34  3.89453
38  3.84766
39  3.46094
39  3.28125
39  4.87109
39  5.0625
53  5.30078
53  5.63672
53  7.90625
53  8.60547
53  10.043
53  4.37109
53  2.42188
53  1.50781
53  1.01563
53  1.90625
36  2.27734
36  1.43359
38  1.69922
38  2.22266
38  2.26563
38  2.58203
38  3.09375
34  3.65234
46  4.70313
38  5.53125
34  2.92969
34  1.98047
34  1.81641
38  1.59375
39  1.95313
39  1.95313
39  3.54688
39  3.85156
53  4.28516
53  4.92188
53  7.34766
53  5.55859
53  5.59766
53  6.50391
53  3.87891
36  3.27734
52  2.69531
52  2.5
60  2.02734
52  1.64063
52  1.63281
53  1.83594
36  1.85156
52  1.86328
32  2.16406
48  2.12891
32  3.07813
32  2.64844
32  2.85547
32  4.54297
32  4.25781
32  4.27344
32  6.55078
34  6.49219
32  6.66406
32  3.92969
34  2.91797
32  2.19922
32  1.6875
32  1.64453
32  2.20313
36  2.96094
36  1.86328
36  2.13281
6  2.0625
38  2.15625
38  2.86328
38  3.05859
38  2.875
38  3.27734
38  4.41016
34  4.71484
38  5.03906
34  4.6875
46  6.69141
34  8.4375
34  7.37109
34  4.76563
34  3.98828
34  3.72656
32  6.21094
38  6.17578
38  6.29297
38  6.91797
38  7.97656
6  6.22266
46  6.40234
46  6.45703
46  6.07422
6  6.21875
38  5.75391
38  5.78906
46  6.125
46  6.34766
46  6.60156
46  6.60156
38  7.36328
46  4.1875
46  2.50391
38  1.79688
38  2.01563
39  2.35547
39  3.05859
53  3.79297
53  4.55859
53  5.69922
53  7.25781
53  6.45703
53  5.94531
53  7.12109
53  6.41406
53  5.97266
53  2.77344
53  1.51563
37  0.792969
53  0.464844
37  0.976563
4  2.05469
36  2.76563
36  3.88281
46  4.79297
46  6.27734
46  5.09766
46  4.76953
46  4.45313
38  4.83594
46  4.37891
46  4.37891
38  4.64063
46  1.54688
46  0.609375
38  0.488281
46  0.609375
38  1.71484
36  2.40234
52  3.61719
53  4.71875
53  6.94531
53  9.20703
53  8.10547
53  8.35938
53  8.09375
53  8.40625
53  8.46094
53  5.36719
37  3.67969
53  2.37891
53  1.87109
37  1.99219
60  2.43359
60  2.64063
60  3.22656
60  4.00781
44  5.375
44  7.39063
44  5.42188
44  4.98828
60  4.45703
60  3.92969
46  3.99219
46  3.5625
46  4.10547
46  3.40625
46  3.47656
46  3.92188
46  3.84766
38  3.94141
32  4.05078
32  3.71484
32  4.15625
32  4.67969
32  4.86719
32  6.58594
40  6.35547
32  5.80078
32  3.01953
32  1.89453
32  1.30859
32  1.05469
40  0.78125
32  0.941406
32  1.71484
36  2.26172
36  3.30469
44  4.40234
44  2.57031
60  1.96484
60  1.91406
60  1.80859
60  1.6875
60  1.40625
36  1.5
4  1.63672
61  1.80078
53  2.11719
53  2.15625
53  2.57031
37  2.5625
37  3.12109
53  3.40625
37  4.81641
37  4.92578
53  6.07422
53  6.41406
37  8.28906
37  5.21094
53  3.58203
33  2.38672
33  1.74609
33  1.75781
37  2.07422
37  2.5625
39  3.03125
47  3.79297
38  5.12109
46  5.4375
46  3.96875
46  4.26563
46  4.90625
46  5.96094
46  7.54297
44  9.39844
44  6.29297
44  4.99219
60  3.95313
60  3.53516
44  3.125
36  2.5
60  2.17969
44  2.15625
36  1.98047
60  2.20313
36  2.46094
36  2.80469
32  3.32031
53  3.43359
37  4.375
33  4.28906
53  5.57813
33  5.32422
33  6.18359
33  8.33594
33  7.79297
33  7.31641
33  5.38281
33  3.93359
33  3.24609
33  4.69922
33  4.21875
33  4.29688
47  5.09375
39  6.32813
47  6.41406
47  6.75
46  9.10547
46  9.00391
46  9.32422
46  10.4414
46  8.26172
46  7.69922
46  8.27734
46  7.98047
46  9.01563
46  10.168
44  8.54297
44  6.36328
44  5.66797
44  4.65625
60  4.10547
44  3.76953
36  3.85156
44  3.91016
60  4.09375
36  4.59375
32  4.77344
33  5.32031
33  5.70313
33  6.10547
33  7.19922
33  7.06641
33  8.57813
33  7.23828
33  5.46875
33  4.46875
33  5.20703
33  4.51953
33  4.49609
33  4.03906
33  4.44141
33  5.57031
47  5.875
47  5.89453
47  7.91797
46  8.25391
46  8.29688
46  8.27734
46  10.7891
46  11.082
46  12.1914
46  9.35156
46  9.33984
46  8.41406
46  9.30859
46  9.21484
46  10.9492
44  6.83984
44  5.91016
44  5.21094
44  4.53516
60  4.11719
44  3.94531
40  4.24219
32  4.22656
32  5.47266
32  5.625
33  5.85938
33  6.16406
33  6.80859
33  8.34766
33  9.41797
33  8.54297
33  4.55078
33  3.02734
33  2.92578
37  1.82813
37  1.69922
61  1.76172
61  1.35156
37  1.51563
37  2.01953
45  2.11719
61  2.5
44  3.00781
44  3.27734
47  4.38672
46  4.42578
46  4.70313
46  5.58594
46  3.30469
44  3.43359
44  2.97266
40  2.66797
40  2.61328
40  3.9375
40  4.19141
33  4.72266
33  5.10938
33  7.33984
33  8.12891
33  6.42578
33  2.86328
33  1.82422
41  1.22266
37  1.74219
45  1.94922
45  0.753906
45  0.964844
45  1.30859
44  1.78125
44  1.82031
44  2.42578
44  2.71094
12  3.02344
44  4.16016
46  3.97266
12  5.51172
44  7.07422
46  6.09375
46  8.37891
46  5.41797
46  4.32813
46  1.875
44  1.89844
44  2.10938
44  1.35156
44  1.90234
5  2.16406
37  2.86719
37  3.91406
53  5.32422
37  7.27344
33  8.98438
33  7.52734
33  6.30469
33  5.41797
33  4.54688
33  4.15234
33  3.94531
33  3.12891
33  2.76563
33  2.74609
33  2.625
33  2.22266
37  3.54297
41  2.94141
33  2.66406
33  2.69141
33  4.02344
41  3.71484
33  3.92578
47  5.53906
39  5.13281
47  4.83984
47  6.92188
47  6.83203
47  4.19922
39  3.04688
39  1.98047
47  1.52344
47  1.67188
45  2.25
37  2.26953
37  0.820313
45  0.960938
61  1.01563
45  1.05469
37  1.34375
45  1.45703
45  1.58594
47  2.03516
47  2.53125
47  2.76953
47  2.93359
47  2.91016
47  4.17969
47  3.79688
47  4.06641
47  5.30469
47  5.51563
47  7.71094
46  7.33203
47  8.20313
47  5.01172
47  3.35156
47  2.17969
47  1.49609
47  1.26953
47  1.55469
47  2.29688
61  3.22656
61  3.79688
61  4.6875
61  5.875
61  3.90625
61  3.55469
45  3.11328
61  2.47656
45  2.30078
61  2.06641
61  1.79297
45  1.77734
61  1.62891
45  1.83203
45  1.90625
61  1.87109
45  2.29297
61  2.53906
45  2.71875
47  3.09766
47  3.45313
47  3.875
47  4.01563
47  4.125
47  5.14453
47  4.92578
47  5.86328
47  6.75781
47  6.95313
47  8.74219
47  5.89453
47  4.48438
47  3.5625
47  3.12891
47  3.10156
47  3.50781
13  4.23438
13  4.59766
13  5.38672
45  3.87891
61  3.53906
61  3.32813
45  3.25
61  2.98438
45  3.16797
61  3.28906
45  3.23438
41  3.60156
41  3.83594
41  3.52734
41  5.11328
33  4.89063
41  6.07031
41  5.70313
41  5.99219
41  6.67578
43  6.35547
41  8.14063
43  5.75391
40  4.44922
40  4.91016
40  4.05078
40  3.85156
40  1.80859
40  1.44141
8  1.11719
8  1.11328
8  1.63281
40  2.78516
45  4.13672
5  5.41406
13  6.85156
13  8.66797
5  8.35547
5  9.78906
29  7.96484
13  6.71875
29  5.76172
5  4.59375
5  3.66797
5  3.02344
13  2.69531
13  1.98828
5  1.29688
5  1.11719
5  1.32422
5  1.00781
5  0.570313
45  0.65625
5  0.84375
5  1.07031
13  1.32813
45  1.64453
5  2.11719
41  2.15625
41  2.70703
33  3.20703
41  4.13281
43  4.08203
33  5.64063
43  5.55469
43  6.875
43  4.12891
43  3.13672
43  2.79688
43  2.55078
8  2.91016
41  4.30859
40  4.38281
8  4.68359
12  5.34375
12  7.16016
12  5.49219
12  5.34766
12  5.67188
12  6.23438
12  7.48438
13  7.91406
13  6.02734
13  5.01172
13  4.47656
13  3.66406
13  3.23438
13  2.85547
5  2.85156
45  2.77344
15  2.67188
47  2.83203
45  3.46875
15  3.15625
47  3.21484
47  4.96484
47  5.13672
43  4.98047
47  6.17578
43  3.44141
43  2.37891
47  3.25391
43  3.05469
43  3.28125
41  4.81641
41  5.01563
41  4.39063
41  5.0625
33  5.49219
33  6.33594
41  7.37109
33  8.92969
33  5.62109
33  4.12109
41  3.25
41  2.15234
41  1.40234
1  0.582031
41  0.507813
41  0.707031
1  0.871094
41  1.81641
13  2.19531
13  2.625
13  3.49219
13  4.38281
13  5.52734
12  3.47266
13  3.25
13  2.61328
13  2.36328
15  2.49609
13  2.8125
45  2.98438
15  2.64844
47  2.89453
47  5.07813
43  5.09766
47  5.84375
43  5.28516
43  7.9375
43  8.82422
43  10.7422
43  7.44141
43  3.375
43  1.79297
43  1.44531
41  2
9  0.285156
41  0.785156
41  1.44531
13  1.85938
13  2.17969
13  2.50781
13  3.35547
12  3.57422
12  5.14844
12  5.77734
12  7.28125
12  4.23438
12  4.51953
12  3.03906
12  2.49219
13  3.83203
13  3.50391
13  3.33984
15  2.92969
47  3.15625
15  5.33984
43  5.53906
43  5.78906
43  3.69922
43  3.30469
43  3.46875
43  3.71484
43  5.38281
43  5.85938
41  5.55469
41  7.38281
41  4.92188
57  3.72266
41  2.96875
41  2.21094
41  1.77734
57  1.50781
41  1.19531
41  0.945313
41  1.36328
9  1.625
9  1.63672
40  2.08203
8  2.125
13  3.60938
13  3.79688
12  3.58203
12  4.01563
12  6.01172
12  7.44922
12  6.30859
12  8.11328
12  4.96875
12  3.94531
12  4.91797
12  4.36719
12  4.78125
13  6.38281
13  6.70703
13  6.75
13  7.01953
29  7.83594
29  4.73438
29  3.52344
29  2.36719
29  1.48828
29  1.04688
45  1.12109
45  1.46094
1  2.07422
41  2.56641
41  3.27344
43  4.35938
41  5.85938
43  6.71875
43  8.30469
43  10.6016
43  9.23828
43  7.61328
43  6.59766
43  5.86719
43  6.03125
43  4.91016
43  4.40625
43  3.96094
43  4.3125
43  3.98438
43  3.71484
43  5.00781
43  4.45703
43  4.44141
43  6.37109
43  6.07422
11  5.82422
11  8.42188
8  8.24219
42  7.59375
10  7.17188
8  10.1563
42  10.1445
40  6.92578
8  5.27734
8  4.33984
8  3.63672
40  3.19141
8  3.0625
9  3.48828
41  2.14063
41  2.23828
9  2.63281
9  2.85938
9  3.21484
8  3.35156
8  3.63672
8  4.05469
8  4.37891
13  5.84375
8  5.85547
8  5.5625
12  5.93359
12  7.41016
12  7.02344
8  5.58203
8  4.3125
8  3.48438
8  3.25391
8  3.55078
8  4.33984
41  5.02734
9  5.47656
9  4.17188
1  4.02344
13  4.19141
13  4.27344
9  4.67188
1  4.58203
13  4.73047
13  4.82422
13  4.46875
13  4.62891
29  5.82031
29  5.79297
13  6.83594
13  6.87109
13  7.71875
12  7.41797
13  9.05469
12  8.40625
12  7.8125
12  9.92969
12  7.29297
15  6.14453
15  6.99609
15  6.25391
15  3.55469
15  2.53125
15  1.82422
15  1.55859
47  1.56641
43  1.84766
43  2.55078
43  3.57813
43  5.03125
43  6.99609
41  9.03906
57  11.0977
57  13.7305
57  16.9648
57  13.6914
57  12.6367
57  11.5938
57  10.6055
57  9.94531
57  9.10156
57  8.15234
57  7.15625
57  6.53516
57  6.18359
57  5.42969
57  4.97266
57  4.75
57  4.42969
9  4.125
57  3.52344
57  3.47656
57  3.66797
57  3.51563
9  4.10938
57  4.00391
43  3.78906
43  4.48047
43  3.73828
43  3.67188
43  4.76953
43  4.48047
11  6.38281
43  6.00781
43  6.13281
11  7.64844
10  7.58594
10  9.03906
11  6.375
43  5.07031
11  4.3125
10  4.24219
15  4.70313
11  5.6875
29  6.15625
29  6.51953
29  7.86328
29  8.70703
29  7.49609
29  4.80078
13  4.39063
29  4.40625
9  5.20313
9  5.85156
9  7.41016
57  6.07031
57  5.83984
9  6.09375
43  6.02734
43  5.66797
43  6.58594
43  6.15625
43  6.64063
11  6.92969
43  7.92188
43  7.71875
11  9.625
10  9.20313
10  6.34766
42  4.73438
43  5.42188
11  4.4375
11  4.09375
11  4.45703
15  4.91406
25  6.03125
25  6.66406
29  7.01563
29  8.90234
29  9.60547
29  8.44531
29  8.8125
29  6.33203
29  5.97656
25  6.04297
25  4.36328
9  4.23438
57  4.01953
25  3.67969
9  3.78125
57  3.97656
9  4.18359
25  4.41406
8  4.12891
8  4.85547
10  5.39453
8  5.62109
10  5.55859
10  6.89063
8  8.78125
10  7.64063
10  4.96484
10  6.65234
10  5.53125
10  4.98828
10  5.3125
11  7.26953
11  7.42188
11  6.41016
43  7.13672
43  4.21484
43  3.26172
11  2.70703
43  1.91797
43  1.64844
59  1.70703
27  1.92578
9  2.32031
57  2.27344
25  2.89453
25  3.65625
25  5.02344
25  6.28516
25  4.10938
25  3.23047
57  2.73438
25  1.83594
25  1.48438
25  1.34766
25  1.0625
57  1.19141
25  1.33203
8  1.53125
8  2.00781
8  2.91016
8  2.88672
10  3.20703
10  3.63281
10  4.90234
10  6.38672
10  3.76953
10  3.35547
10  4.41406
10  4.52734
11  6.44531
11  5.30859
11  7.09766
11  4.44141
11  3.12109
11  1.66797
11  1.06641
11  0.746094
11  0.390625
11  0.527344
27  0.550781
11  1.13281
59  1.70313
9  2.07422
25  2.58203
29  3.25781
29  3.91797
29  5.14063
29  6.11719
29  3.55469
29  4.05859
29  3.36719
29  2.58984
29  2.20313
25  3.4375
25  3.41016
8  3.10156
24  2.97266
8  3.51563
8  5.50781
10  5.53516
10  6.50391
10  3.71094
10  3.92188
10  3.125
10  4.21484
10  4.17188
11  5.95313
11  5.55078
11  6.875
43  9.05859
11  6.40625
11  4.57031
11  3.71484
11  3.35938
11  2.38281
11  1.39844
11  1.33984
27  1.44531
11  1.33203
27  1.08984
11  1.65625
31  1.64453
27  2.96484
31  3.14453
31  3.30078
29  3.38281
29  5.17969
29  5.875
29  5.40625
29  6.33594
29  8.90625
29  10.6328
29  7.04688
29  3.03125
29  1.57422
29  1.44531
25  2.57422
25  1.91797
11  2.60547
10  3.09766
11  4.08594
10  4.66797
10  5.90625
10  3.52344
10  4
10  3.5
10  2.59375
10  2.67578
10  3.62891
10  2.95313
10  3.12109
11  5.04688
26  4.85156
31  4.66016
31  4.57813
31  6.59375
31  6.5
31  6.42188
31  4.13672
15  3.36328
31  2.96875
31  3.03906
15  3.48047
27  4.10547
11  3.20313
25  3.40234
25  3.62891
25  4.49219
25  4.07031
25  4.58594
25  5.65234
25  5.89453
25  6.17188
29  7.64063
29  7.23047
29  8.36719
29  10.3945
29  7.13281
29  5.64453
29  5.1875
29  4.77344
25  5.89844
24  5.34766
24  4.96484
8  5.34766
26  8.06641
10  8.13672
10  5.79297
10  4.8125
10  4.54297
10  4.64453
10  5.30469
10  6.00391
11  8.17578
10  6.39453
10  4.99609
10  4.64844
10  4.06641
10  3.45313
10  3.02734
10  3.375
10  2.58203
10  2.35156
10  3.30859
10  2.73828
10  2.3125
10  2.55078
26  3.39453
10  3.21875
10  5.28125
15  4.78125
31  4.43359
30  4.57813
31  6.27734
15  6.03125
31  5.83984
31  8.05859
31  7.95703
31  5.13672
31  3.76953
15  2.67578
31  1.80469
31  1.53516
31  1.79688
27  2.48828
11  2.74609
11  3.13672
11  1.82422
59  1.58594
59  1.38281
27  1.51172
59  1.65234
27  1.33594
11  1.34766
27  1.51563
59  1.61719
27  2.08203
27  2.53906
27  2.79688
31  2.94531
27  4.22266
31  4.01172
31  3.85547
31  3.85156
31  5.16797
31  4.95703
31  7.18359
31  6.67578
31  3.90625
31  2.73438
31  2.00781
31  1.75781
31  1.92969
31  2.58984
11  3.18359
11  3.69141
11  4.65625
59  2.98438
59  2.40625
27  2.29297
59  1.98438
59  1.75781
27  1.79297
59  1.60547
27  1.85156
27  1.93359
27  1.85938
27  2.32813
59  2.57422
27  2.78516
31  2.94141
27  3.68359
31  3.41406
31  3.71094
31  4.33203
31  4.37891
31  5.91406
31  5.67969
31  3.21094
31  2.32422
31  1.92578
31  1.94531
31  2.42578
31  3.34766
59  3.79688
59  4.48828
59  5.73438
59  7.33594
59  6.18359
59  5.76172
59  5.26953
59  4.63672
27  4.44531
59  4.03516
59  3.87891
27  3.91406
59  3.71094
26  3.55859
26  3.69531
10  3.90234
10  4.09375
10  4.35938
10  4.39453
26  4.99609
26  5.02344
26  5.80469
26  3.35547
26  2.28516
10  1.60547
26  1.59766
24  1.83984
24  2.39453
16  3.60938
17  3.85938
17  4.80469
17  3.50781
17  3.26953
17  4.20703
17  3.79297
17  3.48047
25  5
17  4.49609
17  4.28516
17  6.30859
31  5.92969
31  5.68359
31  7.82422
31  7.74219
31  5.16797
31  3.61328
31  2.70703
31  2.33594
31  2.59766
19  2.89844
27  1.46094
27  1.9375
59  2.39844
19  2.56641
27  2.75
31  3.17578
26  3.65625
26  4.07031
31  4.58594
30  4.58594
30  5.71484
31  7.70703
30  6.88672
30  8.92969
30  5.98438
30  4.79297
30  4.15234
24  5.26953
24  4.51953
24  7.25781
24  6.94531
16  6.79297
16  7.26953
17  9.99609
17  10.3242
17  7.88672
17  6.80078
17  6.14844
17  6.05469
17  6.22656
17  7.15625
17  8.16016
19  9.04297
19  6.79297
19  5.67578
19  4.73047
3  3.98047
19  3.05859
19  2.55469
17  2.34766
27  1.89063
19  1.5
27  1.78125
23  1.78906
19  2.01172
31  2.19141
23  2.20703
31  2.47266
31  3.76172
31  4.24219
30  4.30078
30  6.27344
30  7.63672
30  4.58203
30  3.61328
30  4.76953
30  4.23047
30  4.6875
26  4.25781
26  6.32813
26  6.47656
26  4.05859
26  2.66797
26  1.61328
26  1.33203
58  1.125
26  0.921875
26  1.17969
18  1.32422
24  1.92578
19  2.88672
19  3.21875
17  3.4375
17  3.79297
17  5.71484
17  6.14063
17  6.93359
17  8.66406
17  7.76563
17  5.77734
17  4.9375
17  6.36328
17  5.44141
17  4.58594
17  4.44141
17  6.98438
31  6.43359
23  5.94531
31  6.00391
31  9.04297
31  9.09766
30  9.15625
30  6.48438
30  5.31641
30  4.76953
30  4.26563
30  4.80469
30  5.05469
26  4.48047
26  5.77344
30  6.48828
30  7.76563
30  5.25
30  4.85938
30  3.77344
30  3.38672
30  2.62891
26  2.77734
30  2.875
16  2.47656
18  3.80469
24  3.67578
24  3.32031
16  3.24219
16  5.67969
16  5.91406
17  5.78906
17  5.75781
17  8.625
17  9.16406
17  6.41406
17  6.30078
17  5.37109
17  6.32031
19  6.20313
17  7.125
17  4.08594
17  2.95313
19  3.29297
19  2.71484
27  2.58203
23  2.32813
23  2.12891
23  3.49609
